// output from Obj2DatTex.py Wavefront text file conversion script
// (c) 2005 By Giles Williams
// 
// original file: "himsn_kiotaStrut.obj"
// 
// model size: 298.833 x 1250.000 x 300.000
// 
// textures used: ['himsn_kiotaStrut.png']
// 
NVERTS 144
NFACES 246

VERTEX
89.41667, 100.00000, 150.00000
89.41667, 1150.00000, 150.00000
89.41667, 100.00000, -150.00000
89.41667, 1150.00000, -150.00000
89.41667, 1250.00000, 150.00000
89.41667, 1250.00000, -150.00000
149.41667, 1250.00000, -90.00000
149.41667, 1250.00000, 90.00000
89.41667, 0.00000, 150.00000
149.41667, 0.00000, 90.00000
149.41667, 0.00000, -90.00000
89.41667, 0.00000, -150.00000
66.91667, 1250.00000, 112.50000
66.91667, 1250.00000, -112.50000
111.91667, 1250.00000, -67.50000
111.91667, 1250.00000, 67.50000
66.91667, 0.00000, 112.50000
111.91667, 0.00000, 67.50000
111.91667, 0.00000, -67.50000
66.91667, 0.00000, -112.50000
-0.58333, 100.00000, 150.00000
-0.58333, 1150.00000, 150.00000
-0.58333, 100.00000, -150.00000
-0.58333, 1150.00000, -150.00000
-0.58333, 1250.00000, 150.00000
-0.58333, 1250.00000, -150.00000
-0.58333, 0.00000, 150.00000
-0.58333, 0.00000, -150.00000
-0.58333, 1250.00000, 112.50000
-0.58333, 1250.00000, -112.50000
-0.58333, 0.00000, 112.50000
-0.58333, 0.00000, -112.50000
-0.58333, 1150.00000, 112.50000
-0.58333, 900.00000, 112.50000
-0.58333, 750.00000, 112.50000
-0.58333, 500.00000, 112.50000
-0.58333, 350.00000, 112.50000
-0.58333, 100.00000, 112.50000
-0.58333, 1150.00000, -112.50000
-0.58333, 900.00000, -112.50000
-0.58333, 750.00000, -112.50000
-0.58333, 500.00000, -112.50000
-0.58333, 350.00000, -112.50000
-0.58333, 100.00000, -112.50000
66.91667, 1150.00000, 112.50000
66.91667, 900.00000, 112.50000
66.91667, 750.00000, 112.50000
66.91667, 500.00000, 112.50000
66.91667, 350.00000, 112.50000
66.91667, 100.00000, 112.50000
66.91667, 1150.00000, -112.50000
66.91667, 900.00000, -112.50000
66.91667, 750.00000, -112.50000
66.91667, 500.00000, -112.50000
66.91667, 350.00000, -112.50000
66.91667, 100.00000, -112.50000
-0.58333, 350.00000, -150.00000
-0.58333, 500.00000, -150.00000
-0.58333, 750.00000, -150.00000
-0.58333, 900.00000, -150.00000
89.41667, 900.00000, -150.00000
89.41667, 750.00000, -150.00000
89.41667, 500.00000, -150.00000
89.41667, 350.00000, -150.00000
-0.58333, 350.00000, 150.00000
-0.58333, 500.00000, 150.00000
-0.58333, 750.00000, 150.00000
-0.58333, 900.00000, 150.00000
89.41667, 350.00000, 150.00000
89.41667, 500.00000, 150.00000
89.41667, 750.00000, 150.00000
89.41667, 900.00000, 150.00000
-89.41667, 100.00000, -150.00000
-89.41667, 1150.00000, -150.00000
-89.41667, 100.00000, 150.00000
-89.41667, 1150.00000, 150.00000
-89.41667, 1250.00000, -150.00000
-89.41667, 1250.00000, 150.00000
-149.41667, 1250.00000, 90.00000
-149.41667, 1250.00000, -90.00000
-89.41667, 0.00000, -150.00000
-149.41667, 0.00000, -90.00000
-149.41667, 0.00000, 90.00000
-89.41667, 0.00000, 150.00000
-66.91667, 1250.00000, -112.50000
-66.91667, 1250.00000, 112.50000
-111.91667, 1250.00000, 67.50000
-111.91667, 1250.00000, -67.50000
-66.91667, 0.00000, -112.50000
-111.91667, 0.00000, -67.50000
-111.91667, 0.00000, 67.50000
-66.91667, 0.00000, 112.50000
0.58333, 100.00000, -150.00000
0.58333, 1150.00000, -150.00000
0.58333, 100.00000, 150.00000
0.58333, 1150.00000, 150.00000
0.58333, 1250.00000, -150.00000
0.58333, 1250.00000, 150.00000
0.58333, 0.00000, -150.00000
0.58333, 0.00000, 150.00000
0.58333, 1250.00000, -112.50000
0.58333, 1250.00000, 112.50000
0.58333, 0.00000, -112.50000
0.58333, 0.00000, 112.50000
0.58333, 1150.00000, -112.50000
0.58333, 900.00000, -112.50000
0.58333, 750.00000, -112.50000
0.58333, 500.00000, -112.50000
0.58333, 350.00000, -112.50000
0.58333, 100.00000, -112.50000
0.58333, 1150.00000, 112.50000
0.58333, 900.00000, 112.50000
0.58333, 750.00000, 112.50000
0.58333, 500.00000, 112.50000
0.58333, 350.00000, 112.50000
0.58333, 100.00000, 112.50000
-66.91667, 1150.00000, -112.50000
-66.91667, 900.00000, -112.50000
-66.91667, 750.00000, -112.50000
-66.91667, 500.00000, -112.50000
-66.91667, 350.00000, -112.50000
-66.91667, 100.00000, -112.50000
-66.91667, 1150.00000, 112.50000
-66.91667, 900.00000, 112.50000
-66.91667, 750.00000, 112.50000
-66.91667, 500.00000, 112.50000
-66.91667, 350.00000, 112.50000
-66.91667, 100.00000, 112.50000
0.58333, 350.00000, 150.00000
0.58333, 500.00000, 150.00000
0.58333, 750.00000, 150.00000
0.58333, 900.00000, 150.00000
-89.41667, 900.00000, 150.00000
-89.41667, 750.00000, 150.00000
-89.41667, 500.00000, 150.00000
-89.41667, 350.00000, 150.00000
0.58333, 350.00000, -150.00000
0.58333, 500.00000, -150.00000
0.58333, 750.00000, -150.00000
0.58333, 900.00000, -150.00000
-89.41667, 350.00000, -150.00000
-89.41667, 500.00000, -150.00000
-89.41667, 750.00000, -150.00000
-89.41667, 900.00000, -150.00000

FACES
128,127,127,	0.00000,0.00000,1.00000,	3,	0,8,26
128,127,127,	0.00000,-0.00000,1.00000,	3,	0,26,20
128,127,127,	-0.00000,-1.00000,-0.00000,	3,	1,44,32
128,127,127,	-0.00000,-1.00000,0.00000,	3,	1,32,21
128,127,127,	-0.00000,1.00000,-0.00000,	3,	2,55,43
128,127,127,	0.00000,1.00000,0.00000,	3,	2,43,22
128,127,127,	-0.00000,0.00000,-1.00000,	3,	3,5,25
128,127,127,	-0.00000,-0.00000,-1.00000,	3,	3,25,23
128,127,127,	-0.85749,-0.00000,-0.51450,	3,	3,50,51
128,127,127,	-0.85749,-0.00000,-0.51450,	3,	3,51,60
128,127,127,	0.70711,0.00000,0.70711,	3,	4,7,9
128,127,127,	0.70711,-0.00000,0.70711,	3,	4,9,8
128,127,127,	-0.00000,1.00000,0.00000,	3,	4,12,15
128,127,127,	-0.00000,1.00000,-0.00000,	3,	4,15,7
128,127,127,	0.00000,1.00000,0.00000,	3,	4,24,28
128,127,127,	-0.00000,1.00000,0.00000,	3,	4,28,12
128,127,127,	-0.00000,1.00000,-0.00000,	3,	5,13,29
128,127,127,	0.00000,1.00000,0.00000,	3,	5,29,25
128,127,127,	1.00000,-0.00000,-0.00000,	3,	6,10,9
128,127,127,	1.00000,-0.00000,-0.00000,	3,	6,9,7
128,127,127,	0.00000,1.00000,-0.00000,	3,	6,14,13
128,127,127,	-0.00000,1.00000,0.00000,	3,	6,13,5
128,127,127,	-0.00000,1.00000,0.00000,	3,	7,15,14
128,127,127,	-0.00000,1.00000,0.00000,	3,	7,14,6
128,127,127,	-0.00000,-1.00000,-0.00000,	3,	8,16,30
128,127,127,	-0.00000,-1.00000,0.00000,	3,	8,30,26
128,127,127,	-0.00000,-1.00000,-0.00000,	3,	9,17,16
128,127,127,	-0.00000,-1.00000,0.00000,	3,	9,16,8
128,127,127,	-0.00000,-1.00000,0.00000,	3,	10,18,17
128,127,127,	-0.00000,-1.00000,0.00000,	3,	10,17,9
128,127,127,	-0.00000,-1.00000,0.00000,	3,	11,19,18
128,127,127,	0.00000,-1.00000,-0.00000,	3,	11,18,10
128,127,127,	-0.00000,-1.00000,0.00000,	3,	11,27,31
128,127,127,	-0.00000,-1.00000,0.00000,	3,	11,31,19
128,127,127,	-0.70711,-0.00000,-0.70711,	3,	12,16,17
128,127,127,	-0.70711,0.00000,-0.70711,	3,	12,17,15
128,127,127,	0.00000,0.00000,1.00000,	3,	13,50,38
128,127,127,	0.00000,-0.00000,1.00000,	3,	13,38,29
128,127,127,	-0.70711,-0.00000,0.70711,	3,	14,18,19
128,127,127,	-0.70711,-0.00000,0.70711,	3,	14,19,55
128,127,127,	-0.70711,-0.00000,0.70711,	3,	14,55,54
128,127,127,	-0.70711,-0.00000,0.70711,	3,	14,54,53
128,127,127,	-0.70711,-0.00000,0.70711,	3,	14,53,52
128,127,127,	-0.70711,-0.00000,0.70711,	3,	14,52,51
128,127,127,	-0.70711,-0.00000,0.70711,	3,	14,51,50
128,127,127,	-0.70711,-0.00000,0.70711,	3,	14,50,13
128,127,127,	-1.00000,-0.00000,-0.00000,	3,	15,17,18
128,127,127,	-1.00000,0.00000,-0.00000,	3,	15,18,14
128,127,127,	-0.00000,0.00000,-1.00000,	3,	16,49,37
128,127,127,	-0.00000,-0.00000,-1.00000,	3,	16,37,30
128,127,127,	-0.00000,1.00000,-0.00000,	3,	20,37,49
128,127,127,	-0.00000,1.00000,-0.00000,	3,	20,49,0
128,127,127,	-0.00000,-0.00000,1.00000,	3,	21,24,4
128,127,127,	-0.00000,-0.00000,1.00000,	3,	21,4,1
128,127,127,	0.00000,-0.00000,-1.00000,	3,	22,27,11
128,127,127,	0.00000,-0.00000,-1.00000,	3,	22,11,2
128,127,127,	-0.00000,-1.00000,-0.00000,	3,	23,38,50
128,127,127,	0.00000,-1.00000,-0.00000,	3,	23,50,3
128,127,127,	-1.00000,-0.00000,-0.00000,	3,	24,21,32
128,127,127,	-1.00000,0.00000,-0.00000,	3,	24,32,28
128,127,127,	-1.00000,0.00000,-0.00000,	3,	26,30,37
128,127,127,	-1.00000,0.00000,-0.00000,	3,	26,37,20
128,127,127,	-1.00000,-0.00000,-0.00000,	3,	27,22,43
128,127,127,	-1.00000,-0.00000,0.00000,	3,	27,43,31
128,127,127,	0.00000,-0.00000,-1.00000,	3,	28,32,44
128,127,127,	0.00000,-0.00000,-1.00000,	3,	28,44,12
128,127,127,	-1.00000,-0.00000,-0.00000,	3,	29,38,23
128,127,127,	-1.00000,0.00000,-0.00000,	3,	29,23,25
128,127,127,	-0.00000,-0.00000,1.00000,	3,	31,43,55
128,127,127,	-0.00000,-0.00000,1.00000,	3,	31,55,19
128,127,127,	-1.00000,-0.00000,0.00000,	3,	33,67,66
128,127,127,	-1.00000,-0.00000,-0.00000,	3,	33,66,34
128,127,127,	-0.00000,-0.00000,-1.00000,	3,	34,46,45
128,127,127,	-0.00000,0.00000,-1.00000,	3,	34,45,33
128,127,127,	-0.00000,-1.00000,-0.00000,	3,	34,66,70
128,127,127,	0.00000,-1.00000,-0.00000,	3,	34,70,46
128,127,127,	-1.00000,-0.00000,0.00000,	3,	35,65,64
128,127,127,	-1.00000,-0.00000,-0.00000,	3,	35,64,36
128,127,127,	-0.00000,-0.00000,-1.00000,	3,	36,48,47
128,127,127,	-0.00000,0.00000,-1.00000,	3,	36,47,35
128,127,127,	-0.00000,-1.00000,-0.00000,	3,	36,64,68
128,127,127,	0.00000,-1.00000,-0.00000,	3,	36,68,48
128,127,127,	-0.00000,-0.00000,1.00000,	3,	39,51,52
128,127,127,	0.00000,0.00000,1.00000,	3,	39,52,40
128,127,127,	-0.00000,1.00000,-0.00000,	3,	39,59,60
128,127,127,	-0.00000,1.00000,-0.00000,	3,	39,60,51
128,127,127,	-1.00000,0.00000,-0.00000,	3,	40,58,59
128,127,127,	-1.00000,0.00000,-0.00000,	3,	40,59,39
128,127,127,	-0.00000,-0.00000,1.00000,	3,	41,53,54
128,127,127,	0.00000,0.00000,1.00000,	3,	41,54,42
128,127,127,	-0.00000,1.00000,-0.00000,	3,	41,57,62
128,127,127,	-0.00000,1.00000,-0.00000,	3,	41,62,53
128,127,127,	-1.00000,0.00000,-0.00000,	3,	42,56,57
128,127,127,	-1.00000,0.00000,-0.00000,	3,	42,57,41
128,127,127,	-0.85749,-0.00000,0.51450,	3,	44,1,71
128,127,127,	-0.85749,-0.00000,0.51450,	3,	44,71,45
128,127,127,	-0.00000,1.00000,-0.00000,	3,	45,71,67
128,127,127,	0.00000,1.00000,0.00000,	3,	45,67,33
128,127,127,	-0.85749,-0.00000,0.51450,	3,	46,70,69
128,127,127,	-0.85749,-0.00000,0.51450,	3,	46,69,47
128,127,127,	-0.00000,1.00000,-0.00000,	3,	47,69,65
128,127,127,	0.00000,1.00000,0.00000,	3,	47,65,35
128,127,127,	-0.85749,-0.00000,0.51450,	3,	48,68,0
128,127,127,	-0.85749,-0.00000,0.51450,	3,	48,0,49
128,127,127,	-0.00000,-1.00000,-0.00000,	3,	52,61,58
128,127,127,	-0.00000,-1.00000,0.00000,	3,	52,58,40
128,127,127,	-0.85749,0.00000,-0.51450,	3,	53,62,61
128,127,127,	-0.85749,-0.00000,-0.51450,	3,	53,61,52
128,127,127,	-0.00000,-1.00000,-0.00000,	3,	54,63,56
128,127,127,	-0.00000,-1.00000,0.00000,	3,	54,56,42
128,127,127,	-0.85749,0.00000,-0.51450,	3,	55,2,63
128,127,127,	-0.85749,-0.00000,-0.51450,	3,	55,63,54
128,127,127,	-0.00000,-0.00000,-1.00000,	3,	56,63,62
128,127,127,	-0.00000,0.00000,-1.00000,	3,	56,62,57
128,127,127,	-0.00000,-0.00000,-1.00000,	3,	58,61,60
128,127,127,	-0.00000,0.00000,-1.00000,	3,	58,60,59
128,127,127,	0.70711,-0.00000,-0.70711,	3,	60,11,10
128,127,127,	0.70711,-0.00000,-0.70711,	3,	60,10,6
128,127,127,	0.70711,-0.00000,-0.70711,	3,	60,6,5
128,127,127,	-0.00000,-0.00000,1.00000,	3,	65,69,68
128,127,127,	0.00000,0.00000,1.00000,	3,	65,68,64
128,127,127,	-0.00000,-0.00000,1.00000,	3,	67,71,70
128,127,127,	0.00000,0.00000,1.00000,	3,	67,70,66
129,127,127,	0.00000,-0.00000,-1.00000,	3,	72,80,98
129,127,127,	0.00000,-0.00000,-1.00000,	3,	72,98,92
129,127,127,	-0.00000,-1.00000,-0.00000,	3,	73,116,104
129,127,127,	0.00000,-1.00000,-0.00000,	3,	73,104,93
129,127,127,	-0.00000,1.00000,-0.00000,	3,	74,127,115
129,127,127,	-0.00000,1.00000,-0.00000,	3,	74,115,94
129,127,127,	-0.00000,-0.00000,1.00000,	3,	75,77,97
129,127,127,	-0.00000,-0.00000,1.00000,	3,	75,97,95
129,127,127,	0.85749,0.00000,0.51450,	3,	75,122,123
129,127,127,	0.85749,-0.00000,0.51450,	3,	75,123,132
129,127,127,	-0.70711,-0.00000,-0.70711,	3,	76,79,81
129,127,127,	-0.70711,-0.00000,-0.70711,	3,	76,81,80
129,127,127,	-0.00000,1.00000,-0.00000,	3,	76,84,87
129,127,127,	0.00000,1.00000,-0.00000,	3,	76,87,79
129,127,127,	-0.00000,1.00000,-0.00000,	3,	76,96,100
129,127,127,	-0.00000,1.00000,-0.00000,	3,	76,100,84
129,127,127,	-0.00000,1.00000,-0.00000,	3,	77,85,101
129,127,127,	-0.00000,1.00000,-0.00000,	3,	77,101,97
129,127,127,	-1.00000,-0.00000,-0.00000,	3,	78,82,81
129,127,127,	-1.00000,0.00000,-0.00000,	3,	78,81,79
129,127,127,	-0.00000,1.00000,-0.00000,	3,	78,86,85
129,127,127,	-0.00000,1.00000,-0.00000,	3,	78,85,77
129,127,127,	-0.00000,1.00000,-0.00000,	3,	79,87,86
129,127,127,	-0.00000,1.00000,-0.00000,	3,	79,86,78
129,127,127,	-0.00000,-1.00000,-0.00000,	3,	80,88,102
129,127,127,	0.00000,-1.00000,-0.00000,	3,	80,102,98
129,127,127,	0.00000,-1.00000,-0.00000,	3,	81,89,88
129,127,127,	-0.00000,-1.00000,-0.00000,	3,	81,88,80
129,127,127,	-0.00000,-1.00000,-0.00000,	3,	82,90,89
129,127,127,	-0.00000,-1.00000,-0.00000,	3,	82,89,81
129,127,127,	-0.00000,-1.00000,-0.00000,	3,	83,91,90
129,127,127,	-0.00000,-1.00000,-0.00000,	3,	83,90,82
129,127,127,	0.00000,-1.00000,-0.00000,	3,	83,99,103
129,127,127,	-0.00000,-1.00000,-0.00000,	3,	83,103,91
129,127,127,	0.70711,0.00000,0.70711,	3,	84,88,89
129,127,127,	0.70711,-0.00000,0.70711,	3,	84,89,87
129,127,127,	0.00000,-0.00000,-1.00000,	3,	85,122,110
129,127,127,	0.00000,-0.00000,-1.00000,	3,	85,110,101
129,127,127,	0.70711,-0.00000,-0.70711,	3,	86,90,91
129,127,127,	0.70711,-0.00000,-0.70711,	3,	86,91,127
129,127,127,	0.70711,-0.00000,-0.70711,	3,	86,127,126
129,127,127,	0.70711,-0.00000,-0.70711,	3,	86,126,125
129,127,127,	0.70711,-0.00000,-0.70711,	3,	86,125,124
129,127,127,	0.70711,-0.00000,-0.70711,	3,	86,124,123
129,127,127,	0.70711,-0.00000,-0.70711,	3,	86,123,122
129,127,127,	0.70711,-0.00000,-0.70711,	3,	86,122,85
129,127,127,	1.00000,-0.00000,-0.00000,	3,	87,89,90
129,127,127,	1.00000,-0.00000,-0.00000,	3,	87,90,86
129,127,127,	-0.00000,-0.00000,1.00000,	3,	88,121,109
129,127,127,	-0.00000,-0.00000,1.00000,	3,	88,109,102
129,127,127,	-0.00000,1.00000,-0.00000,	3,	92,109,121
129,127,127,	0.00000,1.00000,-0.00000,	3,	92,121,72
129,127,127,	-0.00000,0.00000,-1.00000,	3,	93,96,76
129,127,127,	-0.00000,-0.00000,-1.00000,	3,	93,76,73
129,127,127,	0.00000,0.00000,1.00000,	3,	94,99,83
129,127,127,	0.00000,-0.00000,1.00000,	3,	94,83,74
129,127,127,	-0.00000,-1.00000,-0.00000,	3,	95,110,122
129,127,127,	-0.00000,-1.00000,-0.00000,	3,	95,122,75
129,127,127,	1.00000,-0.00000,-0.00000,	3,	96,93,104
129,127,127,	1.00000,-0.00000,-0.00000,	3,	96,104,100
129,127,127,	1.00000,-0.00000,-0.00000,	3,	98,102,109
129,127,127,	1.00000,-0.00000,-0.00000,	3,	98,109,92
129,127,127,	1.00000,-0.00000,-0.00000,	3,	99,94,115
129,127,127,	1.00000,0.00000,0.00000,	3,	99,115,103
129,127,127,	0.00000,0.00000,1.00000,	3,	100,104,116
129,127,127,	0.00000,-0.00000,1.00000,	3,	100,116,84
129,127,127,	1.00000,-0.00000,-0.00000,	3,	101,110,95
129,127,127,	1.00000,-0.00000,-0.00000,	3,	101,95,97
129,127,127,	-0.00000,0.00000,-1.00000,	3,	103,115,127
129,127,127,	-0.00000,-0.00000,-1.00000,	3,	103,127,91
129,127,127,	1.00000,0.00000,0.00000,	3,	105,139,138
129,127,127,	1.00000,0.00000,-0.00000,	3,	105,138,106
129,127,127,	-0.00000,-0.00000,1.00000,	3,	106,118,117
129,127,127,	-0.00000,-0.00000,1.00000,	3,	106,117,105
129,127,127,	-0.00000,-1.00000,-0.00000,	3,	106,138,142
129,127,127,	-0.00000,-1.00000,0.00000,	3,	106,142,118
129,127,127,	1.00000,0.00000,0.00000,	3,	107,137,136
129,127,127,	1.00000,0.00000,-0.00000,	3,	107,136,108
129,127,127,	-0.00000,-0.00000,1.00000,	3,	108,120,119
129,127,127,	-0.00000,-0.00000,1.00000,	3,	108,119,107
129,127,127,	-0.00000,-1.00000,-0.00000,	3,	108,136,140
129,127,127,	-0.00000,-1.00000,0.00000,	3,	108,140,120
129,127,127,	-0.00000,-0.00000,-1.00000,	3,	111,123,124
129,127,127,	0.00000,-0.00000,-1.00000,	3,	111,124,112
129,127,127,	-0.00000,1.00000,-0.00000,	3,	111,131,132
129,127,127,	0.00000,1.00000,0.00000,	3,	111,132,123
129,127,127,	1.00000,-0.00000,-0.00000,	3,	112,130,131
129,127,127,	1.00000,-0.00000,-0.00000,	3,	112,131,111
129,127,127,	-0.00000,-0.00000,-1.00000,	3,	113,125,126
129,127,127,	0.00000,-0.00000,-1.00000,	3,	113,126,114
129,127,127,	-0.00000,1.00000,-0.00000,	3,	113,129,134
129,127,127,	0.00000,1.00000,0.00000,	3,	113,134,125
129,127,127,	1.00000,-0.00000,-0.00000,	3,	114,128,129
129,127,127,	1.00000,-0.00000,-0.00000,	3,	114,129,113
129,127,127,	0.85749,-0.00000,-0.51450,	3,	116,73,143
129,127,127,	0.85749,-0.00000,-0.51450,	3,	116,143,117
129,127,127,	-0.00000,1.00000,0.00000,	3,	117,143,139
129,127,127,	-0.00000,1.00000,-0.00000,	3,	117,139,105
129,127,127,	0.85749,-0.00000,-0.51450,	3,	118,142,141
129,127,127,	0.85749,-0.00000,-0.51450,	3,	118,141,119
129,127,127,	-0.00000,1.00000,0.00000,	3,	119,141,137
129,127,127,	-0.00000,1.00000,-0.00000,	3,	119,137,107
129,127,127,	0.85749,-0.00000,-0.51450,	3,	120,140,72
129,127,127,	0.85749,-0.00000,-0.51450,	3,	120,72,121
129,127,127,	-0.00000,-1.00000,0.00000,	3,	124,133,130
129,127,127,	0.00000,-1.00000,-0.00000,	3,	124,130,112
129,127,127,	0.85749,-0.00000,0.51450,	3,	125,134,133
129,127,127,	0.85749,-0.00000,0.51450,	3,	125,133,124
129,127,127,	-0.00000,-1.00000,0.00000,	3,	126,135,128
129,127,127,	0.00000,-1.00000,-0.00000,	3,	126,128,114
129,127,127,	0.85749,-0.00000,0.51450,	3,	127,74,135
129,127,127,	0.85749,-0.00000,0.51450,	3,	127,135,126
129,127,127,	-0.00000,-0.00000,1.00000,	3,	128,135,134
129,127,127,	-0.00000,-0.00000,1.00000,	3,	128,134,129
129,127,127,	-0.00000,-0.00000,1.00000,	3,	130,133,132
129,127,127,	-0.00000,-0.00000,1.00000,	3,	130,132,131
129,127,127,	-0.70711,-0.00000,0.70711,	3,	132,83,82
129,127,127,	-0.70711,-0.00000,0.70711,	3,	132,82,78
129,127,127,	-0.70711,-0.00000,0.70711,	3,	132,78,77
129,127,127,	-0.00000,-0.00000,-1.00000,	3,	137,141,140
129,127,127,	0.00000,-0.00000,-1.00000,	3,	137,140,136
129,127,127,	-0.00000,-0.00000,-1.00000,	3,	139,143,142
129,127,127,	0.00000,-0.00000,-1.00000,	3,	139,142,138

TEXTURES
himsn_kiotaStrut.png	1.0 1.0	0.22772 0.91774	0.22780 0.96626	0.27144 0.96630
himsn_kiotaStrut.png	1.0 1.0	0.22772 0.91774	0.27144 0.96630	0.27143 0.91780
himsn_kiotaStrut.png	1.0 1.0	0.66051 0.19012	0.64959 0.17192	0.61683 0.17192
himsn_kiotaStrut.png	1.0 1.0	0.66051 0.19012	0.61683 0.17192	0.61683 0.19012
himsn_kiotaStrut.png	1.0 1.0	0.85189 0.20562	0.86281 0.22382	0.89556 0.22382
himsn_kiotaStrut.png	1.0 1.0	0.85189 0.20562	0.89556 0.22382	0.89556 0.20562
himsn_kiotaStrut.png	1.0 1.0	0.05803 0.40820	0.05794 0.35967	0.01431 0.35964
himsn_kiotaStrut.png	1.0 1.0	0.05803 0.40820	0.01431 0.35964	0.01431 0.40814
himsn_kiotaStrut.png	1.0 1.0	0.36952 0.19787	0.34829 0.19787	0.34829 0.31920
himsn_kiotaStrut.png	1.0 1.0	0.36952 0.19787	0.34829 0.31920	0.36952 0.31920
himsn_kiotaStrut.png	1.0 1.0	0.22772 0.35965	0.18651 0.35965	0.18657 0.96628
himsn_kiotaStrut.png	1.0 1.0	0.22772 0.35965	0.18657 0.96628	0.22780 0.96626
himsn_kiotaStrut.png	1.0 1.0	0.11431 0.31785	0.12523 0.29965	0.10340 0.27781
himsn_kiotaStrut.png	1.0 1.0	0.11431 0.31785	0.10340 0.27781	0.08520 0.28873
himsn_kiotaStrut.png	1.0 1.0	0.11431 0.31785	0.15799 0.31785	0.15799 0.29965
himsn_kiotaStrut.png	1.0 1.0	0.11431 0.31785	0.15799 0.29965	0.12523 0.29965
himsn_kiotaStrut.png	1.0 1.0	0.11431 0.17226	0.12523 0.19046	0.15799 0.19046
himsn_kiotaStrut.png	1.0 1.0	0.11431 0.17226	0.15799 0.19046	0.15799 0.17226
himsn_kiotaStrut.png	1.0 1.0	0.09917 0.35966	0.09923 0.96629	0.18657 0.96628
himsn_kiotaStrut.png	1.0 1.0	0.09917 0.35966	0.18657 0.96628	0.18651 0.35965
himsn_kiotaStrut.png	1.0 1.0	0.08520 0.20138	0.10340 0.21230	0.12523 0.19046
himsn_kiotaStrut.png	1.0 1.0	0.08520 0.20138	0.12523 0.19046	0.11431 0.17226
himsn_kiotaStrut.png	1.0 1.0	0.08520 0.28873	0.10340 0.27781	0.10340 0.21230
himsn_kiotaStrut.png	1.0 1.0	0.08520 0.28873	0.10340 0.21230	0.08520 0.20138
himsn_kiotaStrut.png	1.0 1.0	0.29010 0.31785	0.27918 0.29965	0.24642 0.29965
himsn_kiotaStrut.png	1.0 1.0	0.29010 0.31785	0.24642 0.29965	0.24642 0.31785
himsn_kiotaStrut.png	1.0 1.0	0.31922 0.28873	0.30102 0.27781	0.27918 0.29965
himsn_kiotaStrut.png	1.0 1.0	0.31922 0.28873	0.27918 0.29965	0.29010 0.31785
himsn_kiotaStrut.png	1.0 1.0	0.31922 0.20138	0.30102 0.21230	0.30102 0.27781
himsn_kiotaStrut.png	1.0 1.0	0.31922 0.20138	0.30102 0.27781	0.31922 0.28873
himsn_kiotaStrut.png	1.0 1.0	0.29010 0.17226	0.27918 0.19046	0.30102 0.21230
himsn_kiotaStrut.png	1.0 1.0	0.29010 0.17226	0.30102 0.21230	0.31922 0.20138
himsn_kiotaStrut.png	1.0 1.0	0.29010 0.17226	0.24642 0.17226	0.24642 0.19046
himsn_kiotaStrut.png	1.0 1.0	0.29010 0.17226	0.24642 0.19046	0.27918 0.19046
himsn_kiotaStrut.png	1.0 1.0	0.82924 0.35967	0.82923 0.96630	0.86011 0.96629
himsn_kiotaStrut.png	1.0 1.0	0.82924 0.35967	0.86011 0.96629	0.86012 0.35967
himsn_kiotaStrut.png	1.0 1.0	0.95652 0.35966	0.95652 0.40821	0.98926 0.40820
himsn_kiotaStrut.png	1.0 1.0	0.95652 0.35966	0.98926 0.40820	0.98927 0.35967
himsn_kiotaStrut.png	1.0 1.0	0.92563 0.35967	0.92563 0.96629	0.95651 0.96629
himsn_kiotaStrut.png	1.0 1.0	0.92563 0.35967	0.95651 0.96629	0.95651 0.91776
himsn_kiotaStrut.png	1.0 1.0	0.92563 0.35967	0.95651 0.91776	0.95651 0.79644
himsn_kiotaStrut.png	1.0 1.0	0.92563 0.35967	0.95651 0.79644	0.95651 0.72364
himsn_kiotaStrut.png	1.0 1.0	0.92563 0.35967	0.95651 0.72364	0.95651 0.60232
himsn_kiotaStrut.png	1.0 1.0	0.92563 0.35967	0.95651 0.60232	0.95652 0.52952
himsn_kiotaStrut.png	1.0 1.0	0.92563 0.35967	0.95652 0.52952	0.95652 0.40821
himsn_kiotaStrut.png	1.0 1.0	0.92563 0.35967	0.95652 0.40821	0.95652 0.35966
himsn_kiotaStrut.png	1.0 1.0	0.86012 0.35967	0.86011 0.96629	0.92563 0.96629
himsn_kiotaStrut.png	1.0 1.0	0.86012 0.35967	0.92563 0.96629	0.92563 0.35967
himsn_kiotaStrut.png	1.0 1.0	0.82923 0.96630	0.82923 0.91775	0.79648 0.91776
himsn_kiotaStrut.png	1.0 1.0	0.82923 0.96630	0.79648 0.91776	0.79648 0.96629
himsn_kiotaStrut.png	1.0 1.0	0.79850 0.24404	0.79850 0.22584	0.76575 0.22584
himsn_kiotaStrut.png	1.0 1.0	0.79850 0.24404	0.76575 0.22584	0.75483 0.24404
himsn_kiotaStrut.png	1.0 1.0	0.27139 0.40816	0.27138 0.35964	0.22772 0.35965
himsn_kiotaStrut.png	1.0 1.0	0.27139 0.40816	0.22772 0.35965	0.22770 0.40818
himsn_kiotaStrut.png	1.0 1.0	0.01436 0.91778	0.01436 0.96630	0.05803 0.96629
himsn_kiotaStrut.png	1.0 1.0	0.01436 0.91778	0.05803 0.96629	0.05804 0.91776
himsn_kiotaStrut.png	1.0 1.0	0.56830 0.17192	0.56830 0.19012	0.60106 0.19012
himsn_kiotaStrut.png	1.0 1.0	0.56830 0.17192	0.60106 0.19012	0.61198 0.17192
himsn_kiotaStrut.png	1.0 1.0	0.87039 0.27471	0.87039 0.32324	0.88859 0.32324
himsn_kiotaStrut.png	1.0 1.0	0.87039 0.27471	0.88859 0.32324	0.88859 0.27471
himsn_kiotaStrut.png	1.0 1.0	0.80973 0.32324	0.82792 0.32324	0.82792 0.27471
himsn_kiotaStrut.png	1.0 1.0	0.80973 0.32324	0.82792 0.27471	0.80973 0.27471
himsn_kiotaStrut.png	1.0 1.0	0.86837 0.32324	0.86837 0.27471	0.85017 0.27471
himsn_kiotaStrut.png	1.0 1.0	0.86837 0.32324	0.85017 0.27471	0.85017 0.32324
himsn_kiotaStrut.png	1.0 1.0	0.79648 0.35967	0.79647 0.40820	0.82923 0.40820
himsn_kiotaStrut.png	1.0 1.0	0.79648 0.35967	0.82923 0.40820	0.82924 0.35967
himsn_kiotaStrut.png	1.0 1.0	0.78951 0.27471	0.78951 0.32324	0.80770 0.32324
himsn_kiotaStrut.png	1.0 1.0	0.78951 0.27471	0.80770 0.32324	0.80770 0.27471
himsn_kiotaStrut.png	1.0 1.0	0.98927 0.96629	0.98927 0.91776	0.95651 0.91776
himsn_kiotaStrut.png	1.0 1.0	0.98927 0.96629	0.95651 0.91776	0.95651 0.96629
himsn_kiotaStrut.png	1.0 1.0	0.62572 0.24910	0.60752 0.24910	0.60752 0.32189
himsn_kiotaStrut.png	1.0 1.0	0.62572 0.24910	0.60752 0.32189	0.62572 0.32189
himsn_kiotaStrut.png	1.0 1.0	0.79646 0.60232	0.82923 0.60232	0.82923 0.52952
himsn_kiotaStrut.png	1.0 1.0	0.79646 0.60232	0.82923 0.52952	0.79648 0.52953
himsn_kiotaStrut.png	1.0 1.0	0.66536 0.17192	0.66536 0.19012	0.70904 0.19012
himsn_kiotaStrut.png	1.0 1.0	0.66536 0.17192	0.70904 0.19012	0.69812 0.17192
himsn_kiotaStrut.png	1.0 1.0	0.68638 0.24910	0.66818 0.24910	0.66818 0.32189
himsn_kiotaStrut.png	1.0 1.0	0.68638 0.24910	0.66818 0.32189	0.68638 0.32189
himsn_kiotaStrut.png	1.0 1.0	0.79647 0.79644	0.82923 0.79644	0.82923 0.72364
himsn_kiotaStrut.png	1.0 1.0	0.79647 0.79644	0.82923 0.72364	0.79648 0.72364
himsn_kiotaStrut.png	1.0 1.0	0.71389 0.17192	0.71389 0.19012	0.75757 0.19012
himsn_kiotaStrut.png	1.0 1.0	0.71389 0.17192	0.75757 0.19012	0.74665 0.17192
himsn_kiotaStrut.png	1.0 1.0	0.98928 0.52952	0.95652 0.52952	0.95651 0.60232
himsn_kiotaStrut.png	1.0 1.0	0.98928 0.52952	0.95651 0.60232	0.98926 0.60232
himsn_kiotaStrut.png	1.0 1.0	0.99262 0.22382	0.99262 0.20562	0.94895 0.20562
himsn_kiotaStrut.png	1.0 1.0	0.99262 0.22382	0.94895 0.20562	0.95987 0.22382
himsn_kiotaStrut.png	1.0 1.0	0.72884 0.32189	0.74704 0.32189	0.74704 0.24910
himsn_kiotaStrut.png	1.0 1.0	0.72884 0.32189	0.74704 0.24910	0.72884 0.24910
himsn_kiotaStrut.png	1.0 1.0	0.98929 0.72363	0.95651 0.72364	0.95651 0.79644
himsn_kiotaStrut.png	1.0 1.0	0.98929 0.72363	0.95651 0.79644	0.98926 0.79643
himsn_kiotaStrut.png	1.0 1.0	0.94409 0.22382	0.94409 0.20562	0.90042 0.20562
himsn_kiotaStrut.png	1.0 1.0	0.94409 0.22382	0.90042 0.20562	0.91134 0.22382
himsn_kiotaStrut.png	1.0 1.0	0.68840 0.32189	0.70660 0.32189	0.70660 0.24910
himsn_kiotaStrut.png	1.0 1.0	0.68840 0.32189	0.70660 0.24910	0.68840 0.24910
himsn_kiotaStrut.png	1.0 1.0	0.44026 0.19787	0.41904 0.19787	0.41904 0.31920
himsn_kiotaStrut.png	1.0 1.0	0.44026 0.19787	0.41904 0.31920	0.44026 0.31920
himsn_kiotaStrut.png	1.0 1.0	0.66869 0.22584	0.65777 0.24404	0.70144 0.24404
himsn_kiotaStrut.png	1.0 1.0	0.66869 0.22584	0.70144 0.24404	0.70144 0.22584
himsn_kiotaStrut.png	1.0 1.0	0.55817 0.19787	0.53694 0.19787	0.53694 0.31920
himsn_kiotaStrut.png	1.0 1.0	0.55817 0.19787	0.53694 0.31920	0.55817 0.31920
himsn_kiotaStrut.png	1.0 1.0	0.71722 0.22584	0.70630 0.24404	0.74997 0.24404
himsn_kiotaStrut.png	1.0 1.0	0.71722 0.22584	0.74997 0.24404	0.74997 0.22584
himsn_kiotaStrut.png	1.0 1.0	0.51100 0.19787	0.48978 0.19787	0.48978 0.31920
himsn_kiotaStrut.png	1.0 1.0	0.51100 0.19787	0.48978 0.31920	0.51100 0.31920
himsn_kiotaStrut.png	1.0 1.0	0.83551 0.24404	0.84643 0.22584	0.80275 0.22584
himsn_kiotaStrut.png	1.0 1.0	0.83551 0.24404	0.80275 0.22584	0.80275 0.24404
himsn_kiotaStrut.png	1.0 1.0	0.37187 0.31920	0.39310 0.31920	0.39310 0.19787
himsn_kiotaStrut.png	1.0 1.0	0.37187 0.31920	0.39310 0.19787	0.37187 0.19787
himsn_kiotaStrut.png	1.0 1.0	0.88404 0.24404	0.89496 0.22584	0.85128 0.22584
himsn_kiotaStrut.png	1.0 1.0	0.88404 0.24404	0.85128 0.22584	0.85128 0.24404
himsn_kiotaStrut.png	1.0 1.0	0.44262 0.31920	0.46384 0.31920	0.46384 0.19787
himsn_kiotaStrut.png	1.0 1.0	0.44262 0.31920	0.46384 0.19787	0.44262 0.19787
himsn_kiotaStrut.png	1.0 1.0	0.01432 0.79643	0.05802 0.79643	0.05803 0.72364
himsn_kiotaStrut.png	1.0 1.0	0.01432 0.79643	0.05803 0.72364	0.01433 0.72368
himsn_kiotaStrut.png	1.0 1.0	0.01432 0.60228	0.05801 0.60231	0.05800 0.52952
himsn_kiotaStrut.png	1.0 1.0	0.01432 0.60228	0.05800 0.52952	0.01429 0.52955
himsn_kiotaStrut.png	1.0 1.0	0.05800 0.52952	0.05803 0.96629	0.09923 0.96629
himsn_kiotaStrut.png	1.0 1.0	0.05800 0.52952	0.09923 0.96629	0.09917 0.35966
himsn_kiotaStrut.png	1.0 1.0	0.05800 0.52952	0.09917 0.35966	0.05794 0.35967
himsn_kiotaStrut.png	1.0 1.0	0.27142 0.72365	0.22773 0.72362	0.22775 0.79642
himsn_kiotaStrut.png	1.0 1.0	0.27142 0.72365	0.22775 0.79642	0.27146 0.79638
himsn_kiotaStrut.png	1.0 1.0	0.27143 0.52951	0.22773 0.52951	0.22772 0.60229
himsn_kiotaStrut.png	1.0 1.0	0.27143 0.52951	0.22772 0.60229	0.27142 0.60226
himsn_kiotaStrut.png	1.0 1.0	0.51346 0.91774	0.51355 0.96626	0.55719 0.96630
himsn_kiotaStrut.png	1.0 1.0	0.51346 0.91774	0.55719 0.96630	0.55718 0.91780
himsn_kiotaStrut.png	1.0 1.0	0.86009 0.17192	0.87101 0.19012	0.90377 0.19012
himsn_kiotaStrut.png	1.0 1.0	0.86009 0.17192	0.90377 0.19012	0.90377 0.17192
himsn_kiotaStrut.png	1.0 1.0	0.56345 0.19012	0.55253 0.17192	0.51977 0.17192
himsn_kiotaStrut.png	1.0 1.0	0.56345 0.19012	0.51977 0.17192	0.51977 0.19012
himsn_kiotaStrut.png	1.0 1.0	0.34377 0.40820	0.34369 0.35967	0.30005 0.35964
himsn_kiotaStrut.png	1.0 1.0	0.34377 0.40820	0.30005 0.35964	0.30006 0.40814
himsn_kiotaStrut.png	1.0 1.0	0.41668 0.19787	0.39546 0.19787	0.39546 0.31920
himsn_kiotaStrut.png	1.0 1.0	0.41668 0.19787	0.39546 0.31920	0.41668 0.31920
himsn_kiotaStrut.png	1.0 1.0	0.51346 0.35965	0.47226 0.35965	0.47232 0.96628
himsn_kiotaStrut.png	1.0 1.0	0.51346 0.35965	0.47232 0.96628	0.51355 0.96626
himsn_kiotaStrut.png	1.0 1.0	0.20922 0.17226	0.19830 0.19046	0.22014 0.21230
himsn_kiotaStrut.png	1.0 1.0	0.20922 0.17226	0.22014 0.21230	0.23834 0.20138
himsn_kiotaStrut.png	1.0 1.0	0.20922 0.17226	0.16554 0.17226	0.16554 0.19046
himsn_kiotaStrut.png	1.0 1.0	0.20922 0.17226	0.16554 0.19046	0.19830 0.19046
himsn_kiotaStrut.png	1.0 1.0	0.20922 0.31785	0.19830 0.29965	0.16554 0.29965
himsn_kiotaStrut.png	1.0 1.0	0.20922 0.31785	0.16554 0.29965	0.16554 0.31785
himsn_kiotaStrut.png	1.0 1.0	0.38492 0.35966	0.38498 0.96629	0.47232 0.96628
himsn_kiotaStrut.png	1.0 1.0	0.38492 0.35966	0.47232 0.96628	0.47226 0.35965
himsn_kiotaStrut.png	1.0 1.0	0.23834 0.28873	0.22014 0.27781	0.19830 0.29965
himsn_kiotaStrut.png	1.0 1.0	0.23834 0.28873	0.19830 0.29965	0.20922 0.31785
himsn_kiotaStrut.png	1.0 1.0	0.23834 0.20138	0.22014 0.21230	0.22014 0.27781
himsn_kiotaStrut.png	1.0 1.0	0.23834 0.20138	0.22014 0.27781	0.23834 0.28873
himsn_kiotaStrut.png	1.0 1.0	0.03343 0.17226	0.04435 0.19046	0.07711 0.19046
himsn_kiotaStrut.png	1.0 1.0	0.03343 0.17226	0.07711 0.19046	0.07711 0.17226
himsn_kiotaStrut.png	1.0 1.0	0.00431 0.20138	0.02251 0.21230	0.04435 0.19046
himsn_kiotaStrut.png	1.0 1.0	0.00431 0.20138	0.04435 0.19046	0.03343 0.17226
himsn_kiotaStrut.png	1.0 1.0	0.00431 0.28873	0.02251 0.27781	0.02251 0.21230
himsn_kiotaStrut.png	1.0 1.0	0.00431 0.28873	0.02251 0.21230	0.00431 0.20138
himsn_kiotaStrut.png	1.0 1.0	0.03343 0.31785	0.04435 0.29965	0.02251 0.27781
himsn_kiotaStrut.png	1.0 1.0	0.03343 0.31785	0.02251 0.27781	0.00431 0.28873
himsn_kiotaStrut.png	1.0 1.0	0.03343 0.31785	0.07711 0.31785	0.07711 0.29965
himsn_kiotaStrut.png	1.0 1.0	0.03343 0.31785	0.07711 0.29965	0.04435 0.29965
himsn_kiotaStrut.png	1.0 1.0	0.61498 0.35967	0.61497 0.96630	0.64586 0.96629
himsn_kiotaStrut.png	1.0 1.0	0.61498 0.35967	0.64586 0.96629	0.64586 0.35967
himsn_kiotaStrut.png	1.0 1.0	0.74226 0.35966	0.74227 0.40821	0.77501 0.40820
himsn_kiotaStrut.png	1.0 1.0	0.74226 0.35966	0.77501 0.40820	0.77501 0.35967
himsn_kiotaStrut.png	1.0 1.0	0.71138 0.35967	0.71137 0.96629	0.74226 0.96629
himsn_kiotaStrut.png	1.0 1.0	0.71138 0.35967	0.74226 0.96629	0.74226 0.91776
himsn_kiotaStrut.png	1.0 1.0	0.71138 0.35967	0.74226 0.91776	0.74226 0.79644
himsn_kiotaStrut.png	1.0 1.0	0.71138 0.35967	0.74226 0.79644	0.74226 0.72364
himsn_kiotaStrut.png	1.0 1.0	0.71138 0.35967	0.74226 0.72364	0.74226 0.60232
himsn_kiotaStrut.png	1.0 1.0	0.71138 0.35967	0.74226 0.60232	0.74226 0.52952
himsn_kiotaStrut.png	1.0 1.0	0.71138 0.35967	0.74226 0.52952	0.74227 0.40821
himsn_kiotaStrut.png	1.0 1.0	0.71138 0.35967	0.74227 0.40821	0.74226 0.35966
himsn_kiotaStrut.png	1.0 1.0	0.64586 0.35967	0.64586 0.96629	0.71137 0.96629
himsn_kiotaStrut.png	1.0 1.0	0.64586 0.35967	0.71137 0.96629	0.71138 0.35967
himsn_kiotaStrut.png	1.0 1.0	0.61497 0.96630	0.61497 0.91775	0.58223 0.91776
himsn_kiotaStrut.png	1.0 1.0	0.61497 0.96630	0.58223 0.91776	0.58222 0.96629
himsn_kiotaStrut.png	1.0 1.0	0.60863 0.22584	0.60863 0.24404	0.64139 0.24404
himsn_kiotaStrut.png	1.0 1.0	0.60863 0.22584	0.64139 0.24404	0.65231 0.22584
himsn_kiotaStrut.png	1.0 1.0	0.55713 0.40816	0.55713 0.35964	0.51346 0.35965
himsn_kiotaStrut.png	1.0 1.0	0.55713 0.40816	0.51346 0.35965	0.51345 0.40818
himsn_kiotaStrut.png	1.0 1.0	0.30010 0.91778	0.30011 0.96630	0.34377 0.96629
himsn_kiotaStrut.png	1.0 1.0	0.30010 0.91778	0.34377 0.96629	0.34379 0.91776
himsn_kiotaStrut.png	1.0 1.0	0.95230 0.19012	0.95230 0.17192	0.91954 0.17192
himsn_kiotaStrut.png	1.0 1.0	0.95230 0.19012	0.91954 0.17192	0.90862 0.19012
himsn_kiotaStrut.png	1.0 1.0	0.91083 0.27471	0.91083 0.32324	0.92903 0.32324
himsn_kiotaStrut.png	1.0 1.0	0.91083 0.27471	0.92903 0.32324	0.92903 0.27471
himsn_kiotaStrut.png	1.0 1.0	0.82995 0.32324	0.84815 0.32324	0.84815 0.27471
himsn_kiotaStrut.png	1.0 1.0	0.82995 0.32324	0.84815 0.27471	0.82995 0.27471
himsn_kiotaStrut.png	1.0 1.0	0.90881 0.32324	0.90881 0.27471	0.89061 0.27471
himsn_kiotaStrut.png	1.0 1.0	0.90881 0.32324	0.89061 0.27471	0.89061 0.32324
himsn_kiotaStrut.png	1.0 1.0	0.58222 0.35967	0.58222 0.40820	0.61498 0.40820
himsn_kiotaStrut.png	1.0 1.0	0.58222 0.35967	0.61498 0.40820	0.61498 0.35967
himsn_kiotaStrut.png	1.0 1.0	0.76928 0.27471	0.76928 0.32324	0.78748 0.32324
himsn_kiotaStrut.png	1.0 1.0	0.76928 0.27471	0.78748 0.32324	0.78748 0.27471
himsn_kiotaStrut.png	1.0 1.0	0.77501 0.96629	0.77502 0.91776	0.74226 0.91776
himsn_kiotaStrut.png	1.0 1.0	0.77501 0.96629	0.74226 0.91776	0.74226 0.96629
himsn_kiotaStrut.png	1.0 1.0	0.64594 0.24910	0.62774 0.24910	0.62774 0.32189
himsn_kiotaStrut.png	1.0 1.0	0.64594 0.24910	0.62774 0.32189	0.64594 0.32189
himsn_kiotaStrut.png	1.0 1.0	0.58220 0.60232	0.61498 0.60232	0.61498 0.52952
himsn_kiotaStrut.png	1.0 1.0	0.58220 0.60232	0.61498 0.52952	0.58223 0.52953
himsn_kiotaStrut.png	1.0 1.0	0.94409 0.24404	0.94409 0.22584	0.90042 0.22584
himsn_kiotaStrut.png	1.0 1.0	0.94409 0.24404	0.90042 0.22584	0.91134 0.24404
himsn_kiotaStrut.png	1.0 1.0	0.66616 0.24910	0.64796 0.24910	0.64796 0.32189
himsn_kiotaStrut.png	1.0 1.0	0.66616 0.24910	0.64796 0.32189	0.66616 0.32189
himsn_kiotaStrut.png	1.0 1.0	0.58221 0.79644	0.61498 0.79644	0.61498 0.72364
himsn_kiotaStrut.png	1.0 1.0	0.58221 0.79644	0.61498 0.72364	0.58223 0.72364
himsn_kiotaStrut.png	1.0 1.0	0.99262 0.24404	0.99262 0.22584	0.94895 0.22584
himsn_kiotaStrut.png	1.0 1.0	0.99262 0.24404	0.94895 0.22584	0.95987 0.24404
himsn_kiotaStrut.png	1.0 1.0	0.77502 0.52952	0.74226 0.52952	0.74226 0.60232
himsn_kiotaStrut.png	1.0 1.0	0.77502 0.52952	0.74226 0.60232	0.77501 0.60232
himsn_kiotaStrut.png	1.0 1.0	0.32566 0.17192	0.32566 0.19012	0.36933 0.19012
himsn_kiotaStrut.png	1.0 1.0	0.32566 0.17192	0.36933 0.19012	0.35841 0.17192
himsn_kiotaStrut.png	1.0 1.0	0.74906 0.32189	0.76726 0.32189	0.76726 0.24910
himsn_kiotaStrut.png	1.0 1.0	0.74906 0.32189	0.76726 0.24910	0.74906 0.24910
himsn_kiotaStrut.png	1.0 1.0	0.77503 0.72363	0.74226 0.72364	0.74226 0.79644
himsn_kiotaStrut.png	1.0 1.0	0.77503 0.72363	0.74226 0.79644	0.77501 0.79643
himsn_kiotaStrut.png	1.0 1.0	0.37419 0.17192	0.37419 0.19012	0.41786 0.19012
himsn_kiotaStrut.png	1.0 1.0	0.37419 0.17192	0.41786 0.19012	0.40694 0.17192
himsn_kiotaStrut.png	1.0 1.0	0.70862 0.32189	0.72682 0.32189	0.72682 0.24910
himsn_kiotaStrut.png	1.0 1.0	0.70862 0.32189	0.72682 0.24910	0.70862 0.24910
himsn_kiotaStrut.png	1.0 1.0	0.60533 0.19787	0.58411 0.19787	0.58411 0.31920
himsn_kiotaStrut.png	1.0 1.0	0.60533 0.19787	0.58411 0.31920	0.60533 0.31920
himsn_kiotaStrut.png	1.0 1.0	0.79518 0.19012	0.80610 0.17192	0.76242 0.17192
himsn_kiotaStrut.png	1.0 1.0	0.79518 0.19012	0.76242 0.17192	0.76242 0.19012
himsn_kiotaStrut.png	1.0 1.0	0.53458 0.19787	0.51336 0.19787	0.51336 0.31920
himsn_kiotaStrut.png	1.0 1.0	0.53458 0.19787	0.51336 0.31920	0.53458 0.31920
himsn_kiotaStrut.png	1.0 1.0	0.84371 0.19012	0.85463 0.17192	0.81095 0.17192
himsn_kiotaStrut.png	1.0 1.0	0.84371 0.19012	0.81095 0.17192	0.81095 0.19012
himsn_kiotaStrut.png	1.0 1.0	0.58175 0.19787	0.56052 0.19787	0.56052 0.31920
himsn_kiotaStrut.png	1.0 1.0	0.58175 0.19787	0.56052 0.31920	0.58175 0.31920
himsn_kiotaStrut.png	1.0 1.0	0.43424 0.17192	0.42332 0.19012	0.46700 0.19012
himsn_kiotaStrut.png	1.0 1.0	0.43424 0.17192	0.46700 0.19012	0.46700 0.17192
himsn_kiotaStrut.png	1.0 1.0	0.32471 0.31920	0.34593 0.31920	0.34593 0.19787
himsn_kiotaStrut.png	1.0 1.0	0.32471 0.31920	0.34593 0.19787	0.32471 0.19787
himsn_kiotaStrut.png	1.0 1.0	0.48277 0.17192	0.47185 0.19012	0.51553 0.19012
himsn_kiotaStrut.png	1.0 1.0	0.48277 0.17192	0.51553 0.19012	0.51553 0.17192
himsn_kiotaStrut.png	1.0 1.0	0.46620 0.31920	0.48742 0.31920	0.48742 0.19787
himsn_kiotaStrut.png	1.0 1.0	0.46620 0.31920	0.48742 0.19787	0.46620 0.19787
himsn_kiotaStrut.png	1.0 1.0	0.30006 0.79643	0.34376 0.79643	0.34377 0.72364
himsn_kiotaStrut.png	1.0 1.0	0.30006 0.79643	0.34377 0.72364	0.30007 0.72368
himsn_kiotaStrut.png	1.0 1.0	0.30007 0.60228	0.34376 0.60231	0.34374 0.52952
himsn_kiotaStrut.png	1.0 1.0	0.30007 0.60228	0.34374 0.52952	0.30003 0.52955
himsn_kiotaStrut.png	1.0 1.0	0.34374 0.52952	0.34377 0.96629	0.38498 0.96629
himsn_kiotaStrut.png	1.0 1.0	0.34374 0.52952	0.38498 0.96629	0.38492 0.35966
himsn_kiotaStrut.png	1.0 1.0	0.34374 0.52952	0.38492 0.35966	0.34369 0.35967
himsn_kiotaStrut.png	1.0 1.0	0.55717 0.72365	0.51348 0.72362	0.51350 0.79642
himsn_kiotaStrut.png	1.0 1.0	0.55717 0.72365	0.51350 0.79642	0.55720 0.79638
himsn_kiotaStrut.png	1.0 1.0	0.55717 0.52951	0.51347 0.52951	0.51346 0.60229
himsn_kiotaStrut.png	1.0 1.0	0.55717 0.52951	0.51346 0.60229	0.55716 0.60226

END
