// output from Obj2DatTex.py Wavefront text file conversion script
// (c) 2005 By Giles Williams
// 
// original file: "himsn_kiotaLift.obj"
// 
// model size: 225.000 x 100.000 x 225.000
// 
// textures used: ['himsn_kiotaLift.png']
// 
NVERTS 32
NFACES 60

VERTEX
-112.50000, 80.00000, 37.50000
-112.50000, 80.00000, -37.50000
-112.50000, 20.00000, 37.50000
-112.50000, 20.00000, -37.50000
112.50000, 80.00000, 37.50000
112.50000, 80.00000, -37.50000
112.50000, 20.00000, 37.50000
112.50000, 20.00000, -37.50000
-37.50000, 80.00000, 112.50000
-37.50000, 80.00000, -112.50000
-37.50000, 20.00000, 112.50000
-37.50000, 20.00000, -112.50000
37.50000, 80.00000, 112.50000
37.50000, 80.00000, -112.50000
37.50000, 20.00000, 112.50000
37.50000, 20.00000, -112.50000
-92.50000, -0.00000, -29.21573
-92.50000, -0.00000, 29.21573
-29.21573, -0.00000, 92.50000
29.21573, -0.00000, 92.50000
92.50000, -0.00000, 29.21573
92.50000, -0.00000, -29.21573
29.21573, -0.00000, -92.50000
-29.21573, -0.00000, -92.50000
-92.50000, 100.00000, 29.21573
-92.50000, 100.00000, -29.21573
-29.21573, 100.00000, -92.50000
29.21573, 100.00000, -92.50000
92.50000, 100.00000, -29.21573
92.50000, 100.00000, 29.21573
29.21573, 100.00000, 92.50000
-29.21573, 100.00000, 92.50000

FACES
128,127,127,	-0.70711,-0.00000,0.70711,	3,	0,8,10
128,127,127,	-0.70711,-0.00000,0.70711,	3,	0,10,2
128,127,127,	-0.50000,0.70711,0.50000,	3,	0,24,31
128,127,127,	-0.50000,0.70711,0.50000,	3,	0,31,8
128,127,127,	-0.50000,0.70711,-0.50000,	3,	1,9,26
128,127,127,	-0.50000,0.70711,-0.50000,	3,	1,26,25
128,127,127,	-1.00000,0.00000,-0.00000,	3,	2,3,1
128,127,127,	-1.00000,0.00000,-0.00000,	3,	2,1,0
128,127,127,	-0.50000,-0.70711,0.50000,	3,	2,10,18
128,127,127,	-0.50000,-0.70711,0.50000,	3,	2,18,17
128,127,127,	-0.70711,0.00000,-0.70711,	3,	3,11,9
128,127,127,	-0.70711,-0.00000,-0.70711,	3,	3,9,1
128,127,127,	-0.50000,-0.70711,-0.50000,	3,	3,16,23
128,127,127,	-0.50000,-0.70711,-0.50000,	3,	3,23,11
128,127,127,	1.00000,0.00000,0.00000,	3,	4,5,7
128,127,127,	1.00000,0.00000,-0.00000,	3,	4,7,6
128,127,127,	0.50000,0.70711,0.50000,	3,	4,12,30
128,127,127,	0.50000,0.70711,0.50000,	3,	4,30,29
128,127,127,	0.70711,-0.00000,-0.70711,	3,	5,13,15
128,127,127,	0.70711,-0.00000,-0.70711,	3,	5,15,7
128,127,127,	0.50000,0.70711,-0.50000,	3,	5,28,27
128,127,127,	0.50000,0.70711,-0.50000,	3,	5,27,13
128,127,127,	0.70711,-0.00000,0.70711,	3,	6,14,12
128,127,127,	0.70711,-0.00000,0.70711,	3,	6,12,4
128,127,127,	0.50000,-0.70711,0.50000,	3,	6,20,19
128,127,127,	0.50000,-0.70711,0.50000,	3,	6,19,14
128,127,127,	0.50000,-0.70711,-0.50000,	3,	7,15,22
128,127,127,	0.50000,-0.70711,-0.50000,	3,	7,22,21
128,127,127,	-0.00000,-0.00000,1.00000,	3,	8,12,14
128,127,127,	0.00000,0.00000,1.00000,	3,	8,14,10
128,127,127,	-0.00000,0.70711,-0.70711,	3,	9,13,27
128,127,127,	-0.00000,0.70711,-0.70711,	3,	9,27,26
128,127,127,	-0.00000,-0.70711,0.70711,	3,	10,14,19
128,127,127,	-0.00000,-0.70711,0.70711,	3,	10,19,18
128,127,127,	-0.00000,-0.00000,-1.00000,	3,	11,15,13
128,127,127,	-0.00000,0.00000,-1.00000,	3,	11,13,9
128,127,127,	0.00000,0.70711,0.70711,	3,	12,8,31
128,127,127,	-0.00000,0.70711,0.70711,	3,	12,31,30
128,127,127,	-0.00000,-0.70711,-0.70711,	3,	15,11,23
128,127,127,	0.00000,-0.70711,-0.70711,	3,	15,23,22
128,127,127,	-0.70711,-0.70711,-0.00000,	3,	17,16,3
128,127,127,	-0.70711,-0.70711,0.00000,	3,	17,3,2
128,127,127,	-0.00000,-1.00000,-0.00000,	3,	17,18,19
128,127,127,	0.00000,-1.00000,-0.00000,	3,	17,19,20
128,127,127,	0.00000,-1.00000,-0.00000,	3,	17,20,21
128,127,127,	-0.00000,-1.00000,-0.00000,	3,	17,21,22
128,127,127,	-0.00000,-1.00000,-0.00000,	3,	17,22,23
128,127,127,	-0.00000,-1.00000,-0.00000,	3,	17,23,16
128,127,127,	0.70711,-0.70711,-0.00000,	3,	21,20,6
128,127,127,	0.70711,-0.70711,-0.00000,	3,	21,6,7
128,127,127,	-0.70711,0.70711,-0.00000,	3,	25,24,0
128,127,127,	-0.70711,0.70711,-0.00000,	3,	25,0,1
128,127,127,	-0.00000,1.00000,-0.00000,	3,	25,26,27
128,127,127,	-0.00000,1.00000,-0.00000,	3,	25,27,28
128,127,127,	-0.00000,1.00000,-0.00000,	3,	25,28,29
128,127,127,	-0.00000,1.00000,-0.00000,	3,	25,29,30
128,127,127,	-0.00000,1.00000,-0.00000,	3,	25,30,31
128,127,127,	0.00000,1.00000,-0.00000,	3,	25,31,24
128,127,127,	0.70711,0.70711,0.00000,	3,	29,28,5
128,127,127,	0.70711,0.70711,-0.00000,	3,	29,5,4

TEXTURES
himsn_kiotaLift.png	1.0 1.0	0.27535 0.80791	0.14354 0.80791	0.14354 0.88247
himsn_kiotaLift.png	1.0 1.0	0.27535 0.80791	0.14354 0.88247	0.27535 0.88247
himsn_kiotaLift.png	1.0 1.0	0.28758 0.49648	0.32274 0.48623	0.32289 0.37502
himsn_kiotaLift.png	1.0 1.0	0.28758 0.49648	0.32289 0.37502	0.28775 0.36468
himsn_kiotaLift.png	1.0 1.0	0.11777 0.34585	0.11758 0.47765	0.15274 0.46741
himsn_kiotaLift.png	1.0 1.0	0.11777 0.34585	0.15274 0.46741	0.15291 0.35619
himsn_kiotaLift.png	1.0 1.0	0.27535 0.88247	0.36854 0.88247	0.36854 0.80791
himsn_kiotaLift.png	1.0 1.0	0.27535 0.88247	0.36854 0.80791	0.27535 0.80791
himsn_kiotaLift.png	1.0 1.0	0.46623 0.59048	0.46622 0.72228	0.50137 0.71199
himsn_kiotaLift.png	1.0 1.0	0.46623 0.59048	0.50137 0.71199	0.50138 0.60077
himsn_kiotaLift.png	1.0 1.0	0.36854 0.88247	0.50035 0.88247	0.50035 0.80791
himsn_kiotaLift.png	1.0 1.0	0.36854 0.88247	0.50035 0.80791	0.36854 0.80791
himsn_kiotaLift.png	1.0 1.0	0.65865 0.72160	0.69382 0.71139	0.69409 0.60018
himsn_kiotaLift.png	1.0 1.0	0.65865 0.72160	0.69409 0.60018	0.65897 0.58980
himsn_kiotaLift.png	1.0 1.0	0.81854 0.80791	0.72535 0.80791	0.72535 0.88247
himsn_kiotaLift.png	1.0 1.0	0.81854 0.80791	0.72535 0.88247	0.81854 0.88247
himsn_kiotaLift.png	1.0 1.0	0.48100 0.39438	0.48099 0.52618	0.51614 0.51589
himsn_kiotaLift.png	1.0 1.0	0.48100 0.39438	0.51614 0.51589	0.51615 0.40467
himsn_kiotaLift.png	1.0 1.0	0.72535 0.80791	0.59354 0.80791	0.59354 0.88247
himsn_kiotaLift.png	1.0 1.0	0.72535 0.80791	0.59354 0.88247	0.72535 0.88247
himsn_kiotaLift.png	1.0 1.0	0.64504 0.53547	0.68021 0.52526	0.68047 0.41404
himsn_kiotaLift.png	1.0 1.0	0.64504 0.53547	0.68047 0.41404	0.64535 0.40367
himsn_kiotaLift.png	1.0 1.0	0.81854 0.88247	0.95035 0.88247	0.95035 0.80791
himsn_kiotaLift.png	1.0 1.0	0.81854 0.88247	0.95035 0.80791	0.81854 0.80791
himsn_kiotaLift.png	1.0 1.0	0.27382 0.71468	0.30898 0.70443	0.30913 0.59322
himsn_kiotaLift.png	1.0 1.0	0.27382 0.71468	0.30913 0.59322	0.27400 0.58288
himsn_kiotaLift.png	1.0 1.0	0.13594 0.59944	0.13574 0.73124	0.17091 0.72100
himsn_kiotaLift.png	1.0 1.0	0.13594 0.59944	0.17091 0.72100	0.17107 0.60978
himsn_kiotaLift.png	1.0 1.0	0.14354 0.80791	0.05035 0.80791	0.05035 0.88247
himsn_kiotaLift.png	1.0 1.0	0.14354 0.80791	0.05035 0.88247	0.14354 0.88247
himsn_kiotaLift.png	1.0 1.0	0.04983 0.36443	0.04983 0.45763	0.08498 0.44733
himsn_kiotaLift.png	1.0 1.0	0.04983 0.36443	0.08498 0.44733	0.08498 0.37472
himsn_kiotaLift.png	1.0 1.0	0.35446 0.60134	0.35446 0.69453	0.38960 0.68424
himsn_kiotaLift.png	1.0 1.0	0.35446 0.60134	0.38960 0.68424	0.38960 0.61163
himsn_kiotaLift.png	1.0 1.0	0.50035 0.88247	0.59354 0.88247	0.59354 0.80791
himsn_kiotaLift.png	1.0 1.0	0.50035 0.88247	0.59354 0.80791	0.50035 0.80791
himsn_kiotaLift.png	1.0 1.0	0.37308 0.40547	0.37308 0.49867	0.40822 0.48837
himsn_kiotaLift.png	1.0 1.0	0.37308 0.40547	0.40822 0.48837	0.40822 0.41576
himsn_kiotaLift.png	1.0 1.0	0.06293 0.63151	0.06293 0.72470	0.09808 0.71441
himsn_kiotaLift.png	1.0 1.0	0.06293 0.63151	0.09808 0.71441	0.09808 0.64180
himsn_kiotaLift.png	1.0 1.0	0.59835 0.68680	0.59835 0.61419	0.56321 0.60390
himsn_kiotaLift.png	1.0 1.0	0.59835 0.68680	0.56321 0.60390	0.56321 0.69710
himsn_kiotaLift.png	1.0 1.0	0.49917 0.24811	0.57781 0.32675	0.65042 0.32675
himsn_kiotaLift.png	1.0 1.0	0.49917 0.24811	0.65042 0.32675	0.72906 0.24811
himsn_kiotaLift.png	1.0 1.0	0.49917 0.24811	0.72906 0.24811	0.72906 0.17550
himsn_kiotaLift.png	1.0 1.0	0.49917 0.24811	0.72906 0.17550	0.65042 0.09686
himsn_kiotaLift.png	1.0 1.0	0.49917 0.24811	0.65042 0.09686	0.57781 0.09686
himsn_kiotaLift.png	1.0 1.0	0.49917 0.24811	0.57781 0.09686	0.49917 0.17550
himsn_kiotaLift.png	1.0 1.0	0.22165 0.70355	0.22165 0.63094	0.18650 0.62064
himsn_kiotaLift.png	1.0 1.0	0.22165 0.70355	0.18650 0.62064	0.18650 0.71384
himsn_kiotaLift.png	1.0 1.0	0.22622 0.45481	0.22622 0.38221	0.19107 0.37191
himsn_kiotaLift.png	1.0 1.0	0.22622 0.45481	0.19107 0.37191	0.19107 0.46511
himsn_kiotaLift.png	1.0 1.0	0.47363 0.17550	0.39499 0.09686	0.32238 0.09686
himsn_kiotaLift.png	1.0 1.0	0.47363 0.17550	0.32238 0.09686	0.24374 0.17550
himsn_kiotaLift.png	1.0 1.0	0.47363 0.17550	0.24374 0.17550	0.24374 0.24811
himsn_kiotaLift.png	1.0 1.0	0.47363 0.17550	0.24374 0.24811	0.32238 0.32675
himsn_kiotaLift.png	1.0 1.0	0.47363 0.17550	0.32238 0.32675	0.39499 0.32675
himsn_kiotaLift.png	1.0 1.0	0.47363 0.17550	0.39499 0.32675	0.47363 0.24811
himsn_kiotaLift.png	1.0 1.0	0.60173 0.49744	0.60173 0.42483	0.56658 0.41453
himsn_kiotaLift.png	1.0 1.0	0.60173 0.49744	0.56658 0.41453	0.56658 0.50773

END
