// output from Obj2DatTex.py Wavefront text file conversion script
// (c) 2005 By Giles Williams
// 
// original file: "himsn_kiotaDock.obj"
// 
// model size: 220.000 x 220.000 x 250.000
// 
// textures used: ['himsn_kiotaDock.png']
// 
NVERTS 8
NFACES 8

VERTEX
110.00000, -110.00000, 0.00000
110.00000, 110.00000, 0.00000
-110.00000, 110.00000, 0.00000
-110.00000, -110.00000, 0.00000
110.00000, -110.00000, -250.00000
110.00000, 110.00000, -250.00000
-110.00000, 110.00000, -250.00000
-110.00000, -110.00000, -250.00000

FACES
128,127,127,	-1.00000,0.00000,-0.00000,	3,	0,4,5
128,127,127,	-1.00000,0.00000,-0.00000,	3,	0,5,1
128,127,127,	-0.00000,-1.00000,-0.00000,	3,	1,5,6
128,127,127,	-0.00000,-1.00000,0.00000,	3,	1,6,2
128,127,127,	1.00000,0.00000,0.00000,	3,	2,6,7
128,127,127,	1.00000,0.00000,-0.00000,	3,	2,7,3
128,127,127,	-0.00000,1.00000,-0.00000,	3,	3,7,4
128,127,127,	-0.00000,1.00000,-0.00000,	3,	3,4,0

TEXTURES
himsn_kiotaDock.png	1.0 1.0	0.52500 0.97800	0.97500 0.97800	0.97500 0.58200
himsn_kiotaDock.png	1.0 1.0	0.52500 0.97800	0.97500 0.58200	0.52500 0.58200
himsn_kiotaDock.png	1.0 1.0	0.41800 0.97500	0.41800 0.52500	0.02200 0.52500
himsn_kiotaDock.png	1.0 1.0	0.41800 0.97500	0.02200 0.52500	0.02200 0.97500
himsn_kiotaDock.png	1.0 1.0	0.47500 0.08200	0.02500 0.08200	0.02500 0.47800
himsn_kiotaDock.png	1.0 1.0	0.47500 0.08200	0.02500 0.47800	0.47500 0.47800
himsn_kiotaDock.png	1.0 1.0	0.91800 0.53500	0.91800 0.08500	0.52200 0.08500
himsn_kiotaDock.png	1.0 1.0	0.91800 0.53500	0.52200 0.08500	0.52200 0.53500

END
