// output from Obj2DatTex.py Wavefront text file conversion script
// (c) 2005 By Giles Williams
// 
// original file: "himsn_kiotaDisc.obj"
// 
// model size: 2500.000 x 3100.000 x 500.000
// 
// textures used: ['himsn_kiotaDisc.png']
// 
NVERTS 141
NFACES 278

VERTEX
-478.35429, 1850.00000, 230.96988
-441.94174, 1666.94174, 230.96988
-338.24756, 1511.75244, 230.96988
-183.05826, 1408.05826, 230.96988
-0.00000, 1371.64571, 230.96988
183.05826, 1408.05826, 230.96988
338.24756, 1511.75244, 230.96988
441.94174, 1666.94174, 230.96988
478.35429, 1850.00000, 230.96988
441.94174, 2033.05826, 230.96988
338.24756, 2188.24756, 230.96988
183.05826, 2291.94174, 230.96988
0.00000, 2328.35429, 230.96988
-183.05826, 2291.94174, 230.96988
-338.24756, 2188.24756, 230.96988
-441.94174, 2033.05826, 230.96988
-883.88348, 1850.00000, 176.77670
-816.60185, 1511.75244, 176.77670
-625.00000, 1225.00000, 176.77670
-338.24756, 1033.39815, 176.77670
-0.00000, 966.11652, 176.77670
338.24756, 1033.39815, 176.77670
625.00000, 1225.00000, 176.77670
816.60185, 1511.75244, 176.77670
883.88348, 1850.00000, 176.77670
816.60185, 2188.24756, 176.77670
625.00000, 2475.00000, 176.77670
338.24756, 2666.60185, 176.77670
0.00000, 2733.88348, 176.77670
-338.24756, 2666.60185, 176.77670
-625.00000, 2475.00000, 176.77670
-816.60185, 2188.24756, 176.77670
-1154.84942, 1850.00000, 95.67086
-1066.94174, 1408.05826, 95.67086
-816.60185, 1033.39815, 95.67086
-441.94174, 723.64838, 95.67086
-0.00000, 723.64838, 95.67086
441.94174, 723.64838, 95.67086
816.60185, 1033.39815, 95.67086
1066.94174, 1408.05826, 95.67086
1154.84942, 1850.00000, 95.67086
1066.94174, 2291.94174, 95.67086
816.60185, 2666.60185, 95.67086
441.94174, 2916.94174, 95.67086
0.00000, 3004.84941, 95.67086
-441.94174, 2916.94174, 95.67086
-816.60185, 2666.60185, 95.67086
-1066.94174, 2291.94174, 95.67086
-1250.00000, 1850.00000, -0.00000
-1154.84942, 1371.64571, -0.00000
-883.88348, 966.11652, -0.00000
-478.35429, 723.64838, -0.00000
478.35429, 723.64838, -0.00000
883.88348, 966.11652, -0.00000
1154.84942, 1371.64571, -0.00000
1250.00000, 1850.00000, -0.00000
1154.84942, 2328.35429, -0.00000
883.88348, 2733.88348, -0.00000
478.35429, 3004.84941, -0.00000
0.00000, 3100.00000, -0.00000
-478.35429, 3004.84941, -0.00000
-883.88348, 2733.88348, -0.00000
-1154.84942, 2328.35429, -0.00000
-1154.84942, 1850.00000, -95.67086
-1066.94174, 1408.05826, -95.67086
-816.60185, 1033.39815, -95.67086
-441.94174, 723.64838, -95.67086
-0.00000, 723.64838, -95.67086
441.94174, 723.64838, -95.67086
816.60185, 1033.39815, -95.67086
1066.94174, 1408.05826, -95.67086
1154.84942, 1850.00000, -95.67086
1066.94174, 2291.94174, -95.67086
816.60185, 2666.60185, -95.67086
441.94174, 2916.94174, -95.67086
0.00000, 3004.84941, -95.67086
-441.94174, 2916.94174, -95.67086
-816.60185, 2666.60185, -95.67086
-1066.94174, 2291.94174, -95.67086
-883.88348, 1850.00000, -176.77670
-816.60185, 1511.75244, -176.77670
-625.00000, 1225.00000, -176.77670
-338.24756, 1033.39815, -176.77670
-0.00000, 966.11652, -176.77670
338.24756, 1033.39815, -176.77670
625.00000, 1225.00000, -176.77670
816.60185, 1511.75244, -176.77670
883.88348, 1850.00000, -176.77670
816.60185, 2188.24756, -176.77670
625.00000, 2475.00000, -176.77670
338.24756, 2666.60185, -176.77670
0.00000, 2733.88348, -176.77670
-338.24756, 2666.60185, -176.77670
-625.00000, 2475.00000, -176.77670
-816.60185, 2188.24756, -176.77670
-478.35429, 1850.00000, -230.96988
-441.94174, 1666.94174, -230.96988
-338.24756, 1511.75244, -230.96988
-183.05826, 1408.05826, -230.96988
-0.00000, 1371.64571, -230.96988
183.05826, 1408.05826, -230.96988
338.24756, 1511.75244, -230.96988
441.94174, 1666.94174, -230.96988
478.35429, 1850.00000, -230.96988
441.94174, 2033.05826, -230.96988
338.24756, 2188.24756, -230.96988
183.05826, 2291.94174, -230.96988
0.00000, 2328.35429, -230.96988
-183.05826, 2291.94174, -230.96988
-338.24756, 2188.24756, -230.96988
-441.94174, 2033.05826, -230.96988
-0.00000, 1850.00000, 250.00000
-0.00000, 1850.00000, -250.00000
0.00000, 100.00000, 150.00000
0.00000, 100.00000, -150.00000
0.00000, -0.00000, 150.00000
0.00000, -0.00000, -150.00000
150.00000, 100.00000, 90.00000
177.34035, 151.92795, 137.51028
175.35912, 154.17235, 145.28077
90.00000, 100.00000, 150.00000
90.00000, 100.00000, -150.00000
175.35912, 154.17235, -145.28077
177.34035, 151.92795, -137.51028
150.00000, 100.00000, -90.00000
-90.00000, 100.00000, 150.00000
-175.35912, 154.17235, 145.28077
-177.34035, 151.92795, 137.51028
-150.00000, 100.00000, 90.00000
-150.00000, 100.00000, -90.00000
-90.00000, 100.00000, -150.00000
-175.35912, 154.17235, -145.28077
-177.34035, 151.92795, -137.51028
150.00000, -0.00000, 90.00000
90.00000, -0.00000, 150.00000
90.00000, -0.00000, -150.00000
150.00000, -0.00000, -90.00000
-150.00000, -0.00000, -90.00000
-90.00000, -0.00000, -150.00000
-90.00000, -0.00000, 150.00000
-150.00000, -0.00000, 90.00000

FACES
128,127,127,	-0.13241,0.02634,0.99084,	3,	0,16,31
128,127,127,	-0.13241,0.02634,0.99084,	3,	0,31,15
128,127,127,	-0.03975,-0.00791,0.99918,	3,	0,111,1
128,127,127,	-0.13241,-0.02634,0.99084,	3,	1,17,16
128,127,127,	-0.13241,-0.02634,0.99084,	3,	1,16,0
128,127,127,	-0.03370,-0.02252,0.99918,	3,	1,111,2
128,127,127,	-0.11225,-0.07501,0.99084,	3,	2,18,17
128,127,127,	-0.11225,-0.07501,0.99084,	3,	2,17,1
128,127,127,	-0.02252,-0.03370,0.99918,	3,	2,111,3
128,127,127,	-0.07501,-0.11225,0.99084,	3,	3,19,18
128,127,127,	-0.07501,-0.11225,0.99084,	3,	3,18,2
128,127,127,	-0.00791,-0.03975,0.99918,	3,	3,111,4
128,127,127,	-0.02634,-0.13241,0.99084,	3,	4,20,19
128,127,127,	-0.02634,-0.13241,0.99084,	3,	4,19,3
128,127,127,	0.00791,-0.03975,0.99918,	3,	4,111,5
128,127,127,	0.02634,-0.13241,0.99084,	3,	5,21,20
128,127,127,	0.02634,-0.13241,0.99084,	3,	5,20,4
128,127,127,	0.02252,-0.03370,0.99918,	3,	5,111,6
128,127,127,	0.07501,-0.11225,0.99084,	3,	6,22,21
128,127,127,	0.07501,-0.11225,0.99084,	3,	6,21,5
128,127,127,	0.03370,-0.02252,0.99918,	3,	6,111,7
128,127,127,	0.11225,-0.07501,0.99084,	3,	7,23,22
128,127,127,	0.11225,-0.07501,0.99084,	3,	7,22,6
128,127,127,	0.03975,-0.00791,0.99918,	3,	7,111,8
128,127,127,	0.13241,-0.02634,0.99084,	3,	8,24,23
128,127,127,	0.13241,-0.02634,0.99084,	3,	8,23,7
128,127,127,	0.03975,0.00791,0.99918,	3,	8,111,9
128,127,127,	0.13241,0.02634,0.99084,	3,	9,25,24
128,127,127,	0.13241,0.02634,0.99084,	3,	9,24,8
128,127,127,	0.03370,0.02252,0.99918,	3,	9,111,10
128,127,127,	0.11225,0.07501,0.99084,	3,	10,26,25
128,127,127,	0.11225,0.07501,0.99084,	3,	10,25,9
128,127,127,	0.02252,0.03370,0.99918,	3,	10,111,11
128,127,127,	0.07501,0.11225,0.99084,	3,	11,27,26
128,127,127,	0.07501,0.11225,0.99084,	3,	11,26,10
128,127,127,	0.00791,0.03975,0.99918,	3,	11,111,12
128,127,127,	0.02634,0.13241,0.99084,	3,	12,28,27
128,127,127,	0.02634,0.13241,0.99084,	3,	12,27,11
128,127,127,	-0.00791,0.03975,0.99918,	3,	12,111,13
128,127,127,	-0.02634,0.13241,0.99084,	3,	13,29,28
128,127,127,	-0.02634,0.13241,0.99084,	3,	13,28,12
128,127,127,	-0.02252,0.03370,0.99918,	3,	13,111,14
128,127,127,	-0.07501,0.11225,0.99084,	3,	14,30,29
128,127,127,	-0.07501,0.11225,0.99084,	3,	14,29,13
128,127,127,	-0.03370,0.02252,0.99918,	3,	14,111,15
128,127,127,	-0.11225,0.07501,0.99084,	3,	15,31,30
128,127,127,	-0.11225,0.07501,0.99084,	3,	15,30,14
128,127,127,	-0.03975,0.00791,0.99918,	3,	15,111,0
128,127,127,	-0.28629,0.05695,0.95645,	3,	16,32,47
128,127,127,	-0.28629,0.05695,0.95645,	3,	16,47,31
128,127,127,	-0.28629,-0.05695,0.95645,	3,	17,33,32
128,127,127,	-0.28629,-0.05695,0.95645,	3,	17,32,16
128,127,127,	-0.24270,-0.16217,0.95645,	3,	18,34,33
128,127,127,	-0.24270,-0.16217,0.95645,	3,	18,33,17
128,127,127,	-0.16385,-0.19819,0.96637,	3,	19,35,34
128,127,127,	-0.16217,-0.24270,0.95645,	3,	19,34,18
128,127,127,	-0.00000,-0.31722,0.94835,	3,	20,36,35
128,127,127,	-0.04737,-0.23815,0.97007,	3,	20,35,19
128,127,127,	-0.00000,-0.25330,0.96739,	3,	21,37,36
128,127,127,	0.06297,-0.31659,0.94647,	3,	21,36,20
128,127,127,	0.18347,-0.22191,0.95765,	3,	22,38,37
128,127,127,	0.13846,-0.20723,0.96844,	3,	22,37,21
128,127,127,	0.24270,-0.16217,0.95645,	3,	23,39,38
128,127,127,	0.24270,-0.16217,0.95645,	3,	23,38,22
128,127,127,	0.28629,-0.05695,0.95645,	3,	24,40,39
128,127,127,	0.28629,-0.05695,0.95645,	3,	24,39,23
128,127,127,	0.28629,0.05695,0.95645,	3,	25,41,40
128,127,127,	0.28629,0.05695,0.95645,	3,	25,40,24
128,127,127,	0.24270,0.16217,0.95645,	3,	26,42,41
128,127,127,	0.24270,0.16217,0.95645,	3,	26,41,25
128,127,127,	0.16217,0.24270,0.95645,	3,	27,43,42
128,127,127,	0.16217,0.24270,0.95645,	3,	27,42,26
128,127,127,	0.05695,0.28629,0.95645,	3,	28,44,43
128,127,127,	0.05695,0.28629,0.95645,	3,	28,43,27
128,127,127,	-0.05695,0.28629,0.95645,	3,	29,45,44
128,127,127,	-0.05695,0.28629,0.95645,	3,	29,44,28
128,127,127,	-0.16217,0.24270,0.95645,	3,	30,46,45
128,127,127,	-0.16217,0.24270,0.95645,	3,	30,45,29
128,127,127,	-0.24270,0.16217,0.95645,	3,	31,47,46
128,127,127,	-0.24270,0.16217,0.95645,	3,	31,46,30
128,127,127,	-0.70208,0.13965,0.69827,	3,	32,48,62
128,127,127,	-0.70208,0.13965,0.69827,	3,	32,62,47
128,127,127,	-0.70208,-0.13965,0.69827,	3,	33,49,48
128,127,127,	-0.70208,-0.13965,0.69827,	3,	33,48,32
128,127,127,	-0.59520,-0.39770,0.69827,	3,	34,50,49
128,127,127,	-0.59520,-0.39770,0.69827,	3,	34,49,33
128,127,127,	-0.50366,-0.84237,0.19169,	3,	35,51,50
128,127,127,	-0.45279,-0.54767,0.70359,	3,	35,50,34
128,127,127,	-0.86579,-0.37659,0.32952,	3,	35,126,127
128,127,127,	-0.86579,-0.37659,0.32952,	3,	35,127,51
128,127,127,	-0.00000,0.08679,0.99623,	3,	36,113,125
128,127,127,	-0.00000,0.08679,0.99623,	3,	36,125,126
128,127,127,	-0.00000,0.08679,0.99623,	3,	36,126,35
128,127,127,	0.00000,0.08679,0.99623,	3,	37,119,120
128,127,127,	0.00000,0.08679,0.99623,	3,	37,120,113
128,127,127,	-0.00000,0.08679,0.99623,	3,	37,113,36
128,127,127,	0.36937,-0.61777,0.69421,	3,	38,53,52
128,127,127,	0.61924,-0.74900,0.23568,	3,	38,52,37
128,127,127,	0.59520,-0.39770,0.69827,	3,	39,54,53
128,127,127,	0.59520,-0.39770,0.69827,	3,	39,53,38
128,127,127,	0.70208,-0.13965,0.69827,	3,	40,55,54
128,127,127,	0.70208,-0.13965,0.69827,	3,	40,54,39
128,127,127,	0.70208,0.13965,0.69827,	3,	41,56,55
128,127,127,	0.70208,0.13965,0.69827,	3,	41,55,40
128,127,127,	0.59520,0.39770,0.69827,	3,	42,57,56
128,127,127,	0.59520,0.39770,0.69827,	3,	42,56,41
128,127,127,	0.39770,0.59520,0.69827,	3,	43,58,57
128,127,127,	0.39770,0.59520,0.69827,	3,	43,57,42
128,127,127,	0.13965,0.70208,0.69827,	3,	44,59,58
128,127,127,	0.13965,0.70208,0.69827,	3,	44,58,43
128,127,127,	-0.13965,0.70208,0.69827,	3,	45,60,59
128,127,127,	-0.13965,0.70208,0.69827,	3,	45,59,44
128,127,127,	-0.39770,0.59520,0.69827,	3,	46,61,60
128,127,127,	-0.39770,0.59520,0.69827,	3,	46,60,45
128,127,127,	-0.59520,0.39770,0.69827,	3,	47,62,61
128,127,127,	-0.59520,0.39770,0.69827,	3,	47,61,46
128,127,127,	-0.70208,0.13965,-0.69827,	3,	48,63,78
128,127,127,	-0.70208,0.13965,-0.69827,	3,	48,78,62
128,127,127,	-0.70208,-0.13965,-0.69827,	3,	49,64,63
128,127,127,	-0.70208,-0.13965,-0.69827,	3,	49,63,48
128,127,127,	-0.59520,-0.39770,-0.69827,	3,	50,65,64
128,127,127,	-0.59520,-0.39770,-0.69827,	3,	50,64,49
128,127,127,	-0.61924,-0.74900,-0.23568,	3,	51,66,65
128,127,127,	-0.36937,-0.61777,-0.69421,	3,	51,65,50
128,127,127,	-0.86579,-0.37659,-0.32952,	3,	51,132,131
128,127,127,	-0.86579,-0.37659,-0.32952,	3,	51,131,66
128,127,127,	0.86579,-0.37659,0.32952,	3,	52,118,119
128,127,127,	0.86579,-0.37659,0.32952,	3,	52,119,37
128,127,127,	0.45279,-0.54767,-0.70359,	3,	53,69,68
128,127,127,	0.50366,-0.84237,-0.19169,	3,	53,68,52
128,127,127,	0.59520,-0.39770,-0.69827,	3,	54,70,69
128,127,127,	0.59520,-0.39770,-0.69827,	3,	54,69,53
128,127,127,	0.70208,-0.13965,-0.69827,	3,	55,71,70
128,127,127,	0.70208,-0.13965,-0.69827,	3,	55,70,54
128,127,127,	0.70208,0.13965,-0.69827,	3,	56,72,71
128,127,127,	0.70208,0.13965,-0.69827,	3,	56,71,55
128,127,127,	0.59520,0.39770,-0.69827,	3,	57,73,72
128,127,127,	0.59520,0.39770,-0.69827,	3,	57,72,56
128,127,127,	0.39770,0.59520,-0.69827,	3,	58,74,73
128,127,127,	0.39770,0.59520,-0.69827,	3,	58,73,57
128,127,127,	0.13965,0.70208,-0.69827,	3,	59,75,74
128,127,127,	0.13965,0.70208,-0.69827,	3,	59,74,58
128,127,127,	-0.13965,0.70208,-0.69827,	3,	60,76,75
128,127,127,	-0.13965,0.70208,-0.69827,	3,	60,75,59
128,127,127,	-0.39770,0.59520,-0.69827,	3,	61,77,76
128,127,127,	-0.39770,0.59520,-0.69827,	3,	61,76,60
128,127,127,	-0.59520,0.39770,-0.69827,	3,	62,78,77
128,127,127,	-0.59520,0.39770,-0.69827,	3,	62,77,61
128,127,127,	-0.28629,0.05695,-0.95645,	3,	63,79,94
128,127,127,	-0.28629,0.05695,-0.95645,	3,	63,94,78
128,127,127,	-0.28629,-0.05695,-0.95645,	3,	64,80,79
128,127,127,	-0.28629,-0.05695,-0.95645,	3,	64,79,63
128,127,127,	-0.24270,-0.16217,-0.95645,	3,	65,81,80
128,127,127,	-0.24270,-0.16217,-0.95645,	3,	65,80,64
128,127,127,	-0.13846,-0.20723,-0.96844,	3,	66,82,81
128,127,127,	-0.18347,-0.22191,-0.95765,	3,	66,81,65
128,127,127,	-0.00000,0.08679,-0.99623,	3,	66,131,130
128,127,127,	-0.00000,0.08679,-0.99623,	3,	66,130,114
128,127,127,	-0.00000,0.08679,-0.99623,	3,	66,114,67
128,127,127,	-0.06297,-0.31659,-0.94647,	3,	67,83,82
128,127,127,	-0.00000,-0.25330,-0.96739,	3,	67,82,66
128,127,127,	0.00000,0.08679,-0.99623,	3,	67,114,121
128,127,127,	0.00000,0.08679,-0.99623,	3,	67,121,122
128,127,127,	-0.00000,0.08679,-0.99623,	3,	67,122,68
128,127,127,	0.04737,-0.23815,-0.97007,	3,	68,84,83
128,127,127,	-0.00000,-0.31722,-0.94835,	3,	68,83,67
128,127,127,	0.86579,-0.37659,-0.32952,	3,	68,122,123
128,127,127,	0.86579,-0.37659,-0.32952,	3,	68,123,52
128,127,127,	0.16217,-0.24270,-0.95645,	3,	69,85,84
128,127,127,	0.16385,-0.19819,-0.96637,	3,	69,84,68
128,127,127,	0.24270,-0.16217,-0.95645,	3,	70,86,85
128,127,127,	0.24270,-0.16217,-0.95645,	3,	70,85,69
128,127,127,	0.28629,-0.05695,-0.95645,	3,	71,87,86
128,127,127,	0.28629,-0.05695,-0.95645,	3,	71,86,70
128,127,127,	0.28629,0.05695,-0.95645,	3,	72,88,87
128,127,127,	0.28629,0.05695,-0.95645,	3,	72,87,71
128,127,127,	0.24270,0.16217,-0.95645,	3,	73,89,88
128,127,127,	0.24270,0.16217,-0.95645,	3,	73,88,72
128,127,127,	0.16217,0.24270,-0.95645,	3,	74,90,89
128,127,127,	0.16217,0.24270,-0.95645,	3,	74,89,73
128,127,127,	0.05695,0.28629,-0.95645,	3,	75,91,90
128,127,127,	0.05695,0.28629,-0.95645,	3,	75,90,74
128,127,127,	-0.05695,0.28629,-0.95645,	3,	76,92,91
128,127,127,	-0.05695,0.28629,-0.95645,	3,	76,91,75
128,127,127,	-0.16217,0.24270,-0.95645,	3,	77,93,92
128,127,127,	-0.16217,0.24270,-0.95645,	3,	77,92,76
128,127,127,	-0.24270,0.16217,-0.95645,	3,	78,94,93
128,127,127,	-0.24270,0.16217,-0.95645,	3,	78,93,77
128,127,127,	-0.13241,0.02634,-0.99084,	3,	79,95,110
128,127,127,	-0.13241,0.02634,-0.99084,	3,	79,110,94
128,127,127,	-0.13241,-0.02634,-0.99084,	3,	80,96,95
128,127,127,	-0.13241,-0.02634,-0.99084,	3,	80,95,79
128,127,127,	-0.11225,-0.07501,-0.99084,	3,	81,97,96
128,127,127,	-0.11225,-0.07501,-0.99084,	3,	81,96,80
128,127,127,	-0.07501,-0.11225,-0.99084,	3,	82,98,97
128,127,127,	-0.07501,-0.11225,-0.99084,	3,	82,97,81
128,127,127,	-0.02634,-0.13241,-0.99084,	3,	83,99,98
128,127,127,	-0.02634,-0.13241,-0.99084,	3,	83,98,82
128,127,127,	0.02634,-0.13241,-0.99084,	3,	84,100,99
128,127,127,	0.02634,-0.13241,-0.99084,	3,	84,99,83
128,127,127,	0.07501,-0.11225,-0.99084,	3,	85,101,100
128,127,127,	0.07501,-0.11225,-0.99084,	3,	85,100,84
128,127,127,	0.11225,-0.07501,-0.99084,	3,	86,102,101
128,127,127,	0.11225,-0.07501,-0.99084,	3,	86,101,85
128,127,127,	0.13241,-0.02634,-0.99084,	3,	87,103,102
128,127,127,	0.13241,-0.02634,-0.99084,	3,	87,102,86
128,127,127,	0.13241,0.02634,-0.99084,	3,	88,104,103
128,127,127,	0.13241,0.02634,-0.99084,	3,	88,103,87
128,127,127,	0.11225,0.07501,-0.99084,	3,	89,105,104
128,127,127,	0.11225,0.07501,-0.99084,	3,	89,104,88
128,127,127,	0.07501,0.11225,-0.99084,	3,	90,106,105
128,127,127,	0.07501,0.11225,-0.99084,	3,	90,105,89
128,127,127,	0.02634,0.13241,-0.99084,	3,	91,107,106
128,127,127,	0.02634,0.13241,-0.99084,	3,	91,106,90
128,127,127,	-0.02634,0.13241,-0.99084,	3,	92,108,107
128,127,127,	-0.02634,0.13241,-0.99084,	3,	92,107,91
128,127,127,	-0.07501,0.11225,-0.99084,	3,	93,109,108
128,127,127,	-0.07501,0.11225,-0.99084,	3,	93,108,92
128,127,127,	-0.11225,0.07501,-0.99084,	3,	94,110,109
128,127,127,	-0.11225,0.07501,-0.99084,	3,	94,109,93
128,127,127,	-0.03975,0.00791,-0.99918,	3,	95,112,110
128,127,127,	-0.03975,-0.00791,-0.99918,	3,	96,112,95
128,127,127,	-0.03370,-0.02252,-0.99918,	3,	97,112,96
128,127,127,	-0.02252,-0.03370,-0.99918,	3,	98,112,97
128,127,127,	-0.00791,-0.03975,-0.99918,	3,	99,112,98
128,127,127,	0.00791,-0.03975,-0.99918,	3,	100,112,99
128,127,127,	0.02252,-0.03370,-0.99918,	3,	101,112,100
128,127,127,	0.03370,-0.02252,-0.99918,	3,	102,112,101
128,127,127,	0.03975,-0.00791,-0.99918,	3,	103,112,102
128,127,127,	0.03975,0.00791,-0.99918,	3,	104,112,103
128,127,127,	0.03370,0.02252,-0.99918,	3,	105,112,104
128,127,127,	0.02252,0.03370,-0.99918,	3,	106,112,105
128,127,127,	0.00791,0.03975,-0.99918,	3,	107,112,106
128,127,127,	-0.00791,0.03975,-0.99918,	3,	108,112,107
128,127,127,	-0.02252,0.03370,-0.99918,	3,	109,112,108
128,127,127,	-0.03370,0.02252,-0.99918,	3,	110,112,109
128,127,127,	-0.00000,0.00000,1.00000,	3,	113,115,139
128,127,127,	-0.00000,-0.00000,1.00000,	3,	113,139,125
128,127,127,	0.00000,0.00000,1.00000,	3,	113,120,134
128,127,127,	0.00000,-0.00000,1.00000,	3,	113,134,115
128,127,127,	0.00000,-0.00000,-1.00000,	3,	114,116,135
128,127,127,	0.00000,-0.00000,-1.00000,	3,	114,135,121
128,127,127,	-0.00000,-0.00000,-1.00000,	3,	114,130,138
128,127,127,	-0.00000,-0.00000,-1.00000,	3,	114,138,116
128,127,127,	-0.00000,-1.00000,-0.00000,	3,	116,138,137
128,127,127,	-0.00000,-1.00000,0.00000,	3,	116,137,140
128,127,127,	-0.00000,-1.00000,0.00000,	3,	116,140,139
128,127,127,	-0.00000,-1.00000,0.00000,	3,	116,139,115
128,127,127,	0.00000,-1.00000,-0.00000,	3,	116,115,134
128,127,127,	0.00000,-1.00000,-0.00000,	3,	116,134,133
128,127,127,	0.00000,-1.00000,-0.00000,	3,	116,133,136
128,127,127,	0.00000,-1.00000,-0.00000,	3,	116,136,135
128,127,127,	0.48703,-0.72498,0.48703,	3,	117,120,119
128,127,127,	0.64922,-0.67044,0.35918,	3,	117,119,118
128,127,127,	0.70711,0.00000,0.70711,	3,	120,117,133
128,127,127,	0.70711,-0.00000,0.70711,	3,	120,133,134
128,127,127,	0.51461,-0.77982,-0.35645,	3,	123,122,121
128,127,127,	0.49521,-0.71381,-0.49521,	3,	123,121,124
128,127,127,	0.88485,-0.46588,-0.00000,	3,	123,124,117
128,127,127,	0.88485,-0.46588,-0.00000,	3,	123,117,118
128,127,127,	0.88485,-0.46588,-0.00000,	3,	123,118,52
128,127,127,	1.00000,-0.00000,-0.00000,	3,	124,136,133
128,127,127,	1.00000,-0.00000,-0.00000,	3,	124,133,117
128,127,127,	-0.49521,-0.71381,0.49521,	3,	125,128,127
128,127,127,	-0.51461,-0.77982,0.35645,	3,	125,127,126
128,127,127,	-0.88485,-0.46588,-0.00000,	3,	127,128,129
128,127,127,	-0.88485,-0.46588,-0.00000,	3,	127,129,132
128,127,127,	-0.88485,-0.46588,-0.00000,	3,	127,132,51
128,127,127,	-1.00000,-0.00000,-0.00000,	3,	128,140,137
128,127,127,	-1.00000,0.00000,-0.00000,	3,	128,137,129
128,127,127,	-0.49521,-0.71381,-0.49521,	3,	132,129,130
128,127,127,	-0.51461,-0.77982,-0.35645,	3,	132,130,131
128,127,127,	0.70711,-0.00000,-0.70711,	3,	136,124,121
128,127,127,	0.70711,-0.00000,-0.70711,	3,	136,121,135
128,127,127,	-0.70711,0.00000,-0.70711,	3,	137,138,130
128,127,127,	-0.70711,-0.00000,-0.70711,	3,	137,130,129
128,127,127,	-0.70711,-0.00000,0.70711,	3,	139,140,128
128,127,127,	-0.70711,-0.00000,0.70711,	3,	139,128,125

TEXTURES
himsn_kiotaDisc.png	1.0 1.0	0.83203 0.64199	0.90227 0.64355	0.89201 0.58511
himsn_kiotaDisc.png	1.0 1.0	0.83203 0.64199	0.89201 0.58511	0.82652 0.61042
himsn_kiotaDisc.png	1.0 1.0	0.83203 0.64199	0.74985 0.63992	0.82506 0.67329
himsn_kiotaDisc.png	1.0 1.0	0.82506 0.67329	0.88946 0.70148	0.90227 0.64355
himsn_kiotaDisc.png	1.0 1.0	0.82506 0.67329	0.90227 0.64355	0.83203 0.64199
himsn_kiotaDisc.png	1.0 1.0	0.82506 0.67329	0.74985 0.63992	0.80666 0.69950
himsn_kiotaDisc.png	1.0 1.0	0.80666 0.69950	0.85559 0.75044	0.88946 0.70148
himsn_kiotaDisc.png	1.0 1.0	0.80666 0.69950	0.88946 0.70148	0.82506 0.67329
himsn_kiotaDisc.png	1.0 1.0	0.80666 0.69950	0.74985 0.63992	0.77949 0.71672
himsn_kiotaDisc.png	1.0 1.0	0.77949 0.71672	0.80520 0.78289	0.85559 0.75044
himsn_kiotaDisc.png	1.0 1.0	0.77949 0.71672	0.85559 0.75044	0.80666 0.69950
himsn_kiotaDisc.png	1.0 1.0	0.77949 0.71672	0.74985 0.63992	0.74773 0.72218
himsn_kiotaDisc.png	1.0 1.0	0.74773 0.72218	0.74590 0.79314	0.80520 0.78289
himsn_kiotaDisc.png	1.0 1.0	0.74773 0.72218	0.80520 0.78289	0.77949 0.71672
himsn_kiotaDisc.png	1.0 1.0	0.74773 0.72218	0.74985 0.63992	0.71629 0.71508
himsn_kiotaDisc.png	1.0 1.0	0.71629 0.71508	0.68720 0.77984	0.74590 0.79314
himsn_kiotaDisc.png	1.0 1.0	0.71629 0.71508	0.74590 0.79314	0.74773 0.72218
himsn_kiotaDisc.png	1.0 1.0	0.71629 0.71508	0.74985 0.63992	0.69005 0.69649
himsn_kiotaDisc.png	1.0 1.0	0.69005 0.69649	0.63855 0.74484	0.68720 0.77984
himsn_kiotaDisc.png	1.0 1.0	0.69005 0.69649	0.68720 0.77984	0.71629 0.71508
himsn_kiotaDisc.png	1.0 1.0	0.69005 0.69649	0.74985 0.63992	0.67302 0.66937
himsn_kiotaDisc.png	1.0 1.0	0.67302 0.66937	0.60726 0.69419	0.63855 0.74484
himsn_kiotaDisc.png	1.0 1.0	0.67302 0.66937	0.63855 0.74484	0.69005 0.69649
himsn_kiotaDisc.png	1.0 1.0	0.67302 0.66937	0.74985 0.63992	0.66768 0.63775
himsn_kiotaDisc.png	1.0 1.0	0.66768 0.63775	0.59745 0.63568	0.60726 0.69419
himsn_kiotaDisc.png	1.0 1.0	0.66768 0.63775	0.60726 0.69419	0.67302 0.66937
himsn_kiotaDisc.png	1.0 1.0	0.66768 0.63775	0.74985 0.63992	0.67481 0.60651
himsn_kiotaDisc.png	1.0 1.0	0.67481 0.60651	0.61071 0.57785	0.59745 0.63568
himsn_kiotaDisc.png	1.0 1.0	0.67481 0.60651	0.59745 0.63568	0.66768 0.63775
himsn_kiotaDisc.png	1.0 1.0	0.67481 0.60651	0.74985 0.63992	0.69335 0.58034
himsn_kiotaDisc.png	1.0 1.0	0.69335 0.58034	0.64506 0.52941	0.61071 0.57785
himsn_kiotaDisc.png	1.0 1.0	0.69335 0.58034	0.61071 0.57785	0.67481 0.60651
himsn_kiotaDisc.png	1.0 1.0	0.69335 0.58034	0.74985 0.63992	0.72043 0.56320
himsn_kiotaDisc.png	1.0 1.0	0.72043 0.56320	0.69522 0.49766	0.64506 0.52941
himsn_kiotaDisc.png	1.0 1.0	0.72043 0.56320	0.64506 0.52941	0.69335 0.58034
himsn_kiotaDisc.png	1.0 1.0	0.72043 0.56320	0.74985 0.63992	0.75197 0.55776
himsn_kiotaDisc.png	1.0 1.0	0.75197 0.55776	0.75379 0.48741	0.69522 0.49766
himsn_kiotaDisc.png	1.0 1.0	0.75197 0.55776	0.69522 0.49766	0.72043 0.56320
himsn_kiotaDisc.png	1.0 1.0	0.75197 0.55776	0.74985 0.63992	0.78319 0.56482
himsn_kiotaDisc.png	1.0 1.0	0.78319 0.56482	0.81175 0.50067	0.75379 0.48741
himsn_kiotaDisc.png	1.0 1.0	0.78319 0.56482	0.75379 0.48741	0.75197 0.55776
himsn_kiotaDisc.png	1.0 1.0	0.78319 0.56482	0.74985 0.63992	0.80935 0.58333
himsn_kiotaDisc.png	1.0 1.0	0.80935 0.58333	0.86020 0.53497	0.81175 0.50067
himsn_kiotaDisc.png	1.0 1.0	0.80935 0.58333	0.81175 0.50067	0.78319 0.56482
himsn_kiotaDisc.png	1.0 1.0	0.80935 0.58333	0.74985 0.63992	0.82652 0.61042
himsn_kiotaDisc.png	1.0 1.0	0.82652 0.61042	0.89201 0.58511	0.86020 0.53497
himsn_kiotaDisc.png	1.0 1.0	0.82652 0.61042	0.86020 0.53497	0.80935 0.58333
himsn_kiotaDisc.png	1.0 1.0	0.82652 0.61042	0.74985 0.63992	0.83203 0.64199
himsn_kiotaDisc.png	1.0 1.0	0.90227 0.64355	0.95115 0.64458	0.93758 0.56750
himsn_kiotaDisc.png	1.0 1.0	0.90227 0.64355	0.93758 0.56750	0.89201 0.58511
himsn_kiotaDisc.png	1.0 1.0	0.88946 0.70148	0.93421 0.72091	0.95115 0.64458
himsn_kiotaDisc.png	1.0 1.0	0.88946 0.70148	0.95115 0.64458	0.90227 0.64355
himsn_kiotaDisc.png	1.0 1.0	0.85559 0.75044	0.88998 0.78569	0.93421 0.72091
himsn_kiotaDisc.png	1.0 1.0	0.85559 0.75044	0.93421 0.72091	0.88946 0.70148
himsn_kiotaDisc.png	1.0 1.0	0.80520 0.78289	0.82315 0.83941	0.88998 0.78569
himsn_kiotaDisc.png	1.0 1.0	0.80520 0.78289	0.88998 0.78569	0.85559 0.75044
himsn_kiotaDisc.png	1.0 1.0	0.74590 0.79314	0.74474 0.83790	0.82315 0.83941
himsn_kiotaDisc.png	1.0 1.0	0.74590 0.79314	0.82315 0.83941	0.80520 0.78289
himsn_kiotaDisc.png	1.0 1.0	0.68720 0.77984	0.66636 0.83537	0.74474 0.83790
himsn_kiotaDisc.png	1.0 1.0	0.68720 0.77984	0.74474 0.83790	0.74590 0.79314
himsn_kiotaDisc.png	1.0 1.0	0.63855 0.74484	0.60239 0.77826	0.66636 0.83537
himsn_kiotaDisc.png	1.0 1.0	0.63855 0.74484	0.66636 0.83537	0.68720 0.77984
himsn_kiotaDisc.png	1.0 1.0	0.60726 0.69419	0.56156 0.71130	0.60239 0.77826
himsn_kiotaDisc.png	1.0 1.0	0.60726 0.69419	0.60239 0.77826	0.63855 0.74484
himsn_kiotaDisc.png	1.0 1.0	0.59745 0.63568	0.54858 0.63419	0.56156 0.71130
himsn_kiotaDisc.png	1.0 1.0	0.59745 0.63568	0.56156 0.71130	0.60726 0.69419
himsn_kiotaDisc.png	1.0 1.0	0.61071 0.57785	0.56610 0.55792	0.54858 0.63419
himsn_kiotaDisc.png	1.0 1.0	0.61071 0.57785	0.54858 0.63419	0.59745 0.63568
himsn_kiotaDisc.png	1.0 1.0	0.64506 0.52941	0.61134 0.49402	0.56610 0.55792
himsn_kiotaDisc.png	1.0 1.0	0.64506 0.52941	0.56610 0.55792	0.61071 0.57785
himsn_kiotaDisc.png	1.0 1.0	0.69522 0.49766	0.67757 0.45199	0.61134 0.49402
himsn_kiotaDisc.png	1.0 1.0	0.69522 0.49766	0.61134 0.49402	0.64506 0.52941
himsn_kiotaDisc.png	1.0 1.0	0.75379 0.48741	0.75506 0.43825	0.67757 0.45199
himsn_kiotaDisc.png	1.0 1.0	0.75379 0.48741	0.67757 0.45199	0.69522 0.49766
himsn_kiotaDisc.png	1.0 1.0	0.81175 0.50067	0.83172 0.45597	0.75506 0.43825
himsn_kiotaDisc.png	1.0 1.0	0.81175 0.50067	0.75506 0.43825	0.75379 0.48741
himsn_kiotaDisc.png	1.0 1.0	0.86020 0.53497	0.89570 0.50136	0.83172 0.45597
himsn_kiotaDisc.png	1.0 1.0	0.86020 0.53497	0.83172 0.45597	0.81175 0.50067
himsn_kiotaDisc.png	1.0 1.0	0.89201 0.58511	0.93758 0.56750	0.89570 0.50136
himsn_kiotaDisc.png	1.0 1.0	0.89201 0.58511	0.89570 0.50136	0.86020 0.53497
himsn_kiotaDisc.png	1.0 1.0	0.95115 0.64458	0.97490 0.64509	0.95974 0.55892
himsn_kiotaDisc.png	1.0 1.0	0.95115 0.64458	0.95974 0.55892	0.93758 0.56750
himsn_kiotaDisc.png	1.0 1.0	0.93421 0.72091	0.95598 0.73030	0.97490 0.64509
himsn_kiotaDisc.png	1.0 1.0	0.93421 0.72091	0.97490 0.64509	0.95115 0.64458
himsn_kiotaDisc.png	1.0 1.0	0.88998 0.78569	0.90721 0.80215	0.95598 0.73030
himsn_kiotaDisc.png	1.0 1.0	0.88998 0.78569	0.95598 0.73030	0.93421 0.72091
himsn_kiotaDisc.png	1.0 1.0	0.82315 0.83941	0.83801 0.84993	0.90721 0.80215
himsn_kiotaDisc.png	1.0 1.0	0.82315 0.83941	0.90721 0.80215	0.88998 0.78569
himsn_kiotaDisc.png	1.0 1.0	0.54646 0.17788	0.54144 0.28815	0.54286 0.28833
himsn_kiotaDisc.png	1.0 1.0	0.54646 0.17788	0.54286 0.28833	0.56409 0.17467
himsn_kiotaDisc.png	1.0 1.0	0.74474 0.83790	0.74187 0.94912	0.75785 0.94957
himsn_kiotaDisc.png	1.0 1.0	0.74474 0.83790	0.75785 0.94957	0.77337 0.94024
himsn_kiotaDisc.png	1.0 1.0	0.74474 0.83790	0.77337 0.94024	0.82315 0.83941
himsn_kiotaDisc.png	1.0 1.0	0.66636 0.83537	0.71088 0.93863	0.72589 0.94874
himsn_kiotaDisc.png	1.0 1.0	0.66636 0.83537	0.72589 0.94874	0.74187 0.94912
himsn_kiotaDisc.png	1.0 1.0	0.66636 0.83537	0.74187 0.94912	0.74474 0.83790
himsn_kiotaDisc.png	1.0 1.0	0.60239 0.77826	0.58433 0.79381	0.65098 0.84510
himsn_kiotaDisc.png	1.0 1.0	0.60239 0.77826	0.65098 0.84510	0.66636 0.83537
himsn_kiotaDisc.png	1.0 1.0	0.56156 0.71130	0.53934 0.71955	0.58433 0.79381
himsn_kiotaDisc.png	1.0 1.0	0.56156 0.71130	0.58433 0.79381	0.60239 0.77826
himsn_kiotaDisc.png	1.0 1.0	0.54858 0.63419	0.52483 0.63347	0.53934 0.71955
himsn_kiotaDisc.png	1.0 1.0	0.54858 0.63419	0.53934 0.71955	0.56156 0.71130
himsn_kiotaDisc.png	1.0 1.0	0.56610 0.55792	0.54442 0.54820	0.52483 0.63347
himsn_kiotaDisc.png	1.0 1.0	0.56610 0.55792	0.52483 0.63347	0.54858 0.63419
himsn_kiotaDisc.png	1.0 1.0	0.61134 0.49402	0.59493 0.47681	0.54442 0.54820
himsn_kiotaDisc.png	1.0 1.0	0.61134 0.49402	0.54442 0.54820	0.56610 0.55792
himsn_kiotaDisc.png	1.0 1.0	0.67757 0.45199	0.66890 0.42976	0.59493 0.47681
himsn_kiotaDisc.png	1.0 1.0	0.67757 0.45199	0.59493 0.47681	0.61134 0.49402
himsn_kiotaDisc.png	1.0 1.0	0.75506 0.43825	0.75568 0.41421	0.66890 0.42976
himsn_kiotaDisc.png	1.0 1.0	0.75506 0.43825	0.66890 0.42976	0.67757 0.45199
himsn_kiotaDisc.png	1.0 1.0	0.83172 0.45597	0.84154 0.43422	0.75568 0.41421
himsn_kiotaDisc.png	1.0 1.0	0.83172 0.45597	0.75568 0.41421	0.75506 0.43825
himsn_kiotaDisc.png	1.0 1.0	0.89570 0.50136	0.91298 0.48502	0.84154 0.43422
himsn_kiotaDisc.png	1.0 1.0	0.89570 0.50136	0.84154 0.43422	0.83172 0.45597
himsn_kiotaDisc.png	1.0 1.0	0.93758 0.56750	0.95974 0.55892	0.91298 0.48502
himsn_kiotaDisc.png	1.0 1.0	0.93758 0.56750	0.91298 0.48502	0.89570 0.50136
himsn_kiotaDisc.png	1.0 1.0	0.02491 0.63393	0.04866 0.63455	0.06590 0.55823
himsn_kiotaDisc.png	1.0 1.0	0.02491 0.63393	0.06590 0.55823	0.04416 0.54860
himsn_kiotaDisc.png	1.0 1.0	0.03964 0.71999	0.06183 0.71164	0.04866 0.63455
himsn_kiotaDisc.png	1.0 1.0	0.03964 0.71999	0.04866 0.63455	0.02491 0.63393
himsn_kiotaDisc.png	1.0 1.0	0.08529 0.79416	0.10298 0.77828	0.06183 0.71164
himsn_kiotaDisc.png	1.0 1.0	0.08529 0.79416	0.06183 0.71164	0.03964 0.71999
himsn_kiotaDisc.png	1.0 1.0	0.15183 0.84563	0.16684 0.83532	0.10298 0.77828
himsn_kiotaDisc.png	1.0 1.0	0.15183 0.84563	0.10298 0.77828	0.08529 0.79416
himsn_kiotaDisc.png	1.0 1.0	0.56409 0.17467	0.59077 0.28715	0.59217 0.28690
himsn_kiotaDisc.png	1.0 1.0	0.56409 0.17467	0.59217 0.28690	0.58185 0.17698
himsn_kiotaDisc.png	1.0 1.0	0.19380 0.16975	0.22048 0.28224	0.22189 0.28199
himsn_kiotaDisc.png	1.0 1.0	0.19380 0.16975	0.22189 0.28199	0.21157 0.17207
himsn_kiotaDisc.png	1.0 1.0	0.40713 0.80160	0.39019 0.78492	0.32377 0.83894
himsn_kiotaDisc.png	1.0 1.0	0.40713 0.80160	0.32377 0.83894	0.33828 0.84994
himsn_kiotaDisc.png	1.0 1.0	0.45615 0.72961	0.43438 0.72025	0.39019 0.78492
himsn_kiotaDisc.png	1.0 1.0	0.45615 0.72961	0.39019 0.78492	0.40713 0.80160
himsn_kiotaDisc.png	1.0 1.0	0.47484 0.64433	0.45109 0.64385	0.43438 0.72025
himsn_kiotaDisc.png	1.0 1.0	0.47484 0.64433	0.43438 0.72025	0.45615 0.72961
himsn_kiotaDisc.png	1.0 1.0	0.45956 0.55820	0.43740 0.56681	0.45109 0.64385
himsn_kiotaDisc.png	1.0 1.0	0.45956 0.55820	0.45109 0.64385	0.47484 0.64433
himsn_kiotaDisc.png	1.0 1.0	0.41263 0.48432	0.39537 0.50072	0.43740 0.56681
himsn_kiotaDisc.png	1.0 1.0	0.41263 0.48432	0.43740 0.56681	0.45956 0.55820
himsn_kiotaDisc.png	1.0 1.0	0.34098 0.43368	0.33125 0.45548	0.39537 0.50072
himsn_kiotaDisc.png	1.0 1.0	0.34098 0.43368	0.39537 0.50072	0.41263 0.48432
himsn_kiotaDisc.png	1.0 1.0	0.25508 0.41402	0.25452 0.43804	0.33125 0.45548
himsn_kiotaDisc.png	1.0 1.0	0.25508 0.41402	0.33125 0.45548	0.34098 0.43368
himsn_kiotaDisc.png	1.0 1.0	0.16836 0.42969	0.17707 0.45192	0.25452 0.43804
himsn_kiotaDisc.png	1.0 1.0	0.16836 0.42969	0.25452 0.43804	0.25508 0.41402
himsn_kiotaDisc.png	1.0 1.0	0.09445 0.47696	0.11093 0.49415	0.17707 0.45192
himsn_kiotaDisc.png	1.0 1.0	0.09445 0.47696	0.17707 0.45192	0.16836 0.42969
himsn_kiotaDisc.png	1.0 1.0	0.04416 0.54860	0.06590 0.55823	0.11093 0.49415
himsn_kiotaDisc.png	1.0 1.0	0.04416 0.54860	0.11093 0.49415	0.09445 0.47696
himsn_kiotaDisc.png	1.0 1.0	0.04866 0.63455	0.09751 0.63587	0.11057 0.57800
himsn_kiotaDisc.png	1.0 1.0	0.04866 0.63455	0.11057 0.57800	0.06590 0.55823
himsn_kiotaDisc.png	1.0 1.0	0.06183 0.71164	0.10746 0.69437	0.09751 0.63587
himsn_kiotaDisc.png	1.0 1.0	0.06183 0.71164	0.09751 0.63587	0.04866 0.63455
himsn_kiotaDisc.png	1.0 1.0	0.10298 0.77828	0.13892 0.74483	0.10746 0.69437
himsn_kiotaDisc.png	1.0 1.0	0.10298 0.77828	0.10746 0.69437	0.06183 0.71164
himsn_kiotaDisc.png	1.0 1.0	0.16684 0.83532	0.18757 0.77979	0.13892 0.74483
himsn_kiotaDisc.png	1.0 1.0	0.16684 0.83532	0.13892 0.74483	0.10298 0.77828
himsn_kiotaDisc.png	1.0 1.0	0.16684 0.83532	0.21165 0.93859	0.22668 0.94870
himsn_kiotaDisc.png	1.0 1.0	0.16684 0.83532	0.22668 0.94870	0.24272 0.94905
himsn_kiotaDisc.png	1.0 1.0	0.16684 0.83532	0.24272 0.94905	0.24529 0.83770
himsn_kiotaDisc.png	1.0 1.0	0.24529 0.83770	0.24632 0.79292	0.18757 0.77979
himsn_kiotaDisc.png	1.0 1.0	0.24529 0.83770	0.18757 0.77979	0.16684 0.83532
himsn_kiotaDisc.png	1.0 1.0	0.24529 0.83770	0.24272 0.94905	0.25876 0.94944
himsn_kiotaDisc.png	1.0 1.0	0.24529 0.83770	0.25876 0.94944	0.27424 0.94004
himsn_kiotaDisc.png	1.0 1.0	0.24529 0.83770	0.27424 0.94004	0.32377 0.83894
himsn_kiotaDisc.png	1.0 1.0	0.32377 0.83894	0.30562 0.78252	0.24632 0.79292
himsn_kiotaDisc.png	1.0 1.0	0.32377 0.83894	0.24632 0.79292	0.24529 0.83770
himsn_kiotaDisc.png	1.0 1.0	0.17618 0.17297	0.17116 0.28324	0.17258 0.28342
himsn_kiotaDisc.png	1.0 1.0	0.17618 0.17297	0.17258 0.28342	0.19380 0.16975
himsn_kiotaDisc.png	1.0 1.0	0.39019 0.78492	0.35583 0.74984	0.30562 0.78252
himsn_kiotaDisc.png	1.0 1.0	0.39019 0.78492	0.30562 0.78252	0.32377 0.83894
himsn_kiotaDisc.png	1.0 1.0	0.43438 0.72025	0.38959 0.70088	0.35583 0.74984
himsn_kiotaDisc.png	1.0 1.0	0.43438 0.72025	0.35583 0.74984	0.39019 0.78492
himsn_kiotaDisc.png	1.0 1.0	0.45109 0.64385	0.40223 0.64291	0.38959 0.70088
himsn_kiotaDisc.png	1.0 1.0	0.45109 0.64385	0.38959 0.70088	0.43438 0.72025
himsn_kiotaDisc.png	1.0 1.0	0.43740 0.56681	0.39186 0.58450	0.40223 0.64291
himsn_kiotaDisc.png	1.0 1.0	0.43740 0.56681	0.40223 0.64291	0.45109 0.64385
himsn_kiotaDisc.png	1.0 1.0	0.39537 0.50072	0.35997 0.53445	0.39186 0.58450
himsn_kiotaDisc.png	1.0 1.0	0.39537 0.50072	0.39186 0.58450	0.43740 0.56681
himsn_kiotaDisc.png	1.0 1.0	0.33125 0.45548	0.31139 0.50025	0.35997 0.53445
himsn_kiotaDisc.png	1.0 1.0	0.33125 0.45548	0.35997 0.53445	0.39537 0.50072
himsn_kiotaDisc.png	1.0 1.0	0.25452 0.43804	0.25339 0.48719	0.31139 0.50025
himsn_kiotaDisc.png	1.0 1.0	0.25452 0.43804	0.31139 0.50025	0.33125 0.45548
himsn_kiotaDisc.png	1.0 1.0	0.17707 0.45192	0.19484 0.49756	0.25339 0.48719
himsn_kiotaDisc.png	1.0 1.0	0.17707 0.45192	0.25339 0.48719	0.25452 0.43804
himsn_kiotaDisc.png	1.0 1.0	0.11093 0.49415	0.14474 0.52948	0.19484 0.49756
himsn_kiotaDisc.png	1.0 1.0	0.11093 0.49415	0.19484 0.49756	0.17707 0.45192
himsn_kiotaDisc.png	1.0 1.0	0.06590 0.55823	0.11057 0.57800	0.14474 0.52948
himsn_kiotaDisc.png	1.0 1.0	0.06590 0.55823	0.14474 0.52948	0.11093 0.49415
himsn_kiotaDisc.png	1.0 1.0	0.09751 0.63587	0.16769 0.63775	0.17477 0.60650
himsn_kiotaDisc.png	1.0 1.0	0.09751 0.63587	0.17477 0.60650	0.11057 0.57800
himsn_kiotaDisc.png	1.0 1.0	0.10746 0.69437	0.17314 0.66932	0.16769 0.63775
himsn_kiotaDisc.png	1.0 1.0	0.10746 0.69437	0.16769 0.63775	0.09751 0.63587
himsn_kiotaDisc.png	1.0 1.0	0.13892 0.74483	0.19028 0.69644	0.17314 0.66932
himsn_kiotaDisc.png	1.0 1.0	0.13892 0.74483	0.17314 0.66932	0.10746 0.69437
himsn_kiotaDisc.png	1.0 1.0	0.18757 0.77979	0.21654 0.71494	0.19028 0.69644
himsn_kiotaDisc.png	1.0 1.0	0.18757 0.77979	0.19028 0.69644	0.13892 0.74483
himsn_kiotaDisc.png	1.0 1.0	0.24632 0.79292	0.24796 0.72196	0.21654 0.71494
himsn_kiotaDisc.png	1.0 1.0	0.24632 0.79292	0.21654 0.71494	0.18757 0.77979
himsn_kiotaDisc.png	1.0 1.0	0.30562 0.78252	0.27968 0.71640	0.24796 0.72196
himsn_kiotaDisc.png	1.0 1.0	0.30562 0.78252	0.24796 0.72196	0.24632 0.79292
himsn_kiotaDisc.png	1.0 1.0	0.35583 0.74984	0.30677 0.69914	0.27968 0.71640
himsn_kiotaDisc.png	1.0 1.0	0.35583 0.74984	0.27968 0.71640	0.30562 0.78252
himsn_kiotaDisc.png	1.0 1.0	0.38959 0.70088	0.32514 0.67283	0.30677 0.69914
himsn_kiotaDisc.png	1.0 1.0	0.38959 0.70088	0.30677 0.69914	0.35583 0.74984
himsn_kiotaDisc.png	1.0 1.0	0.40223 0.64291	0.33204 0.64154	0.32514 0.67283
himsn_kiotaDisc.png	1.0 1.0	0.40223 0.64291	0.32514 0.67283	0.38959 0.70088
himsn_kiotaDisc.png	1.0 1.0	0.39186 0.58450	0.32641 0.61000	0.33204 0.64154
himsn_kiotaDisc.png	1.0 1.0	0.39186 0.58450	0.33204 0.64154	0.40223 0.64291
himsn_kiotaDisc.png	1.0 1.0	0.35997 0.53445	0.30920 0.58297	0.32641 0.61000
himsn_kiotaDisc.png	1.0 1.0	0.35997 0.53445	0.32641 0.61000	0.39186 0.58450
himsn_kiotaDisc.png	1.0 1.0	0.31139 0.50025	0.28301 0.56452	0.30920 0.58297
himsn_kiotaDisc.png	1.0 1.0	0.31139 0.50025	0.30920 0.58297	0.35997 0.53445
himsn_kiotaDisc.png	1.0 1.0	0.25339 0.48719	0.25176 0.55750	0.28301 0.56452
himsn_kiotaDisc.png	1.0 1.0	0.25339 0.48719	0.28301 0.56452	0.31139 0.50025
himsn_kiotaDisc.png	1.0 1.0	0.19484 0.49756	0.22022 0.56307	0.25176 0.55750
himsn_kiotaDisc.png	1.0 1.0	0.19484 0.49756	0.25176 0.55750	0.25339 0.48719
himsn_kiotaDisc.png	1.0 1.0	0.14474 0.52948	0.19321 0.58029	0.22022 0.56307
himsn_kiotaDisc.png	1.0 1.0	0.14474 0.52948	0.22022 0.56307	0.19484 0.49756
himsn_kiotaDisc.png	1.0 1.0	0.11057 0.57800	0.17477 0.60650	0.19321 0.58029
himsn_kiotaDisc.png	1.0 1.0	0.11057 0.57800	0.19321 0.58029	0.14474 0.52948
himsn_kiotaDisc.png	1.0 1.0	0.16769 0.63775	0.24987 0.63965	0.17477 0.60650
himsn_kiotaDisc.png	1.0 1.0	0.17314 0.66932	0.24987 0.63965	0.16769 0.63775
himsn_kiotaDisc.png	1.0 1.0	0.19028 0.69644	0.24987 0.63965	0.17314 0.66932
himsn_kiotaDisc.png	1.0 1.0	0.21654 0.71494	0.24987 0.63965	0.19028 0.69644
himsn_kiotaDisc.png	1.0 1.0	0.24796 0.72196	0.24987 0.63965	0.21654 0.71494
himsn_kiotaDisc.png	1.0 1.0	0.27968 0.71640	0.24987 0.63965	0.24796 0.72196
himsn_kiotaDisc.png	1.0 1.0	0.30677 0.69914	0.24987 0.63965	0.27968 0.71640
himsn_kiotaDisc.png	1.0 1.0	0.32514 0.67283	0.24987 0.63965	0.30677 0.69914
himsn_kiotaDisc.png	1.0 1.0	0.33204 0.64154	0.24987 0.63965	0.32514 0.67283
himsn_kiotaDisc.png	1.0 1.0	0.32641 0.61000	0.24987 0.63965	0.33204 0.64154
himsn_kiotaDisc.png	1.0 1.0	0.30920 0.58297	0.24987 0.63965	0.32641 0.61000
himsn_kiotaDisc.png	1.0 1.0	0.28301 0.56452	0.24987 0.63965	0.30920 0.58297
himsn_kiotaDisc.png	1.0 1.0	0.25176 0.55750	0.24987 0.63965	0.28301 0.56452
himsn_kiotaDisc.png	1.0 1.0	0.22022 0.56307	0.24987 0.63965	0.25176 0.55750
himsn_kiotaDisc.png	1.0 1.0	0.19321 0.58029	0.24987 0.63965	0.22022 0.56307
himsn_kiotaDisc.png	1.0 1.0	0.17477 0.60650	0.24987 0.63965	0.19321 0.58029
himsn_kiotaDisc.png	1.0 1.0	0.74187 0.94912	0.74142 0.96659	0.75719 0.96717
himsn_kiotaDisc.png	1.0 1.0	0.74187 0.94912	0.75719 0.96717	0.75785 0.94957
himsn_kiotaDisc.png	1.0 1.0	0.74187 0.94912	0.72589 0.94874	0.72564 0.96636
himsn_kiotaDisc.png	1.0 1.0	0.74187 0.94912	0.72564 0.96636	0.74142 0.96659
himsn_kiotaDisc.png	1.0 1.0	0.24272 0.94905	0.24231 0.96671	0.25826 0.96716
himsn_kiotaDisc.png	1.0 1.0	0.24272 0.94905	0.25826 0.96716	0.25876 0.94944
himsn_kiotaDisc.png	1.0 1.0	0.24272 0.94905	0.22668 0.94870	0.22636 0.96642
himsn_kiotaDisc.png	1.0 1.0	0.24272 0.94905	0.22636 0.96642	0.24231 0.96671
himsn_kiotaDisc.png	1.0 1.0	0.38529 0.26511	0.36966 0.26511	0.35924 0.27553
himsn_kiotaDisc.png	1.0 1.0	0.38529 0.26511	0.35924 0.27553	0.35924 0.30680
himsn_kiotaDisc.png	1.0 1.0	0.38529 0.26511	0.35924 0.30680	0.36966 0.31722
himsn_kiotaDisc.png	1.0 1.0	0.38529 0.26511	0.36966 0.31722	0.38529 0.31722
himsn_kiotaDisc.png	1.0 1.0	0.38529 0.26511	0.38529 0.31722	0.40093 0.31722
himsn_kiotaDisc.png	1.0 1.0	0.38529 0.26511	0.40093 0.31722	0.41135 0.30680
himsn_kiotaDisc.png	1.0 1.0	0.38529 0.26511	0.41135 0.30680	0.41135 0.27553
himsn_kiotaDisc.png	1.0 1.0	0.38529 0.26511	0.41135 0.27553	0.40093 0.26511
himsn_kiotaDisc.png	1.0 1.0	0.21293 0.29314	0.22704 0.29618	0.22189 0.28199
himsn_kiotaDisc.png	1.0 1.0	0.21293 0.29314	0.22189 0.28199	0.22048 0.28224
himsn_kiotaDisc.png	1.0 1.0	0.22704 0.29618	0.21293 0.29314	0.21226 0.31025
himsn_kiotaDisc.png	1.0 1.0	0.22704 0.29618	0.21226 0.31025	0.22539 0.31165
himsn_kiotaDisc.png	1.0 1.0	0.17258 0.28342	0.17116 0.28324	0.16666 0.29771
himsn_kiotaDisc.png	1.0 1.0	0.17258 0.28342	0.16666 0.29771	0.18066 0.29396
himsn_kiotaDisc.png	1.0 1.0	0.17258 0.28342	0.18066 0.29396	0.21293 0.29314
himsn_kiotaDisc.png	1.0 1.0	0.17258 0.28342	0.21293 0.29314	0.22048 0.28224
himsn_kiotaDisc.png	1.0 1.0	0.17258 0.28342	0.22048 0.28224	0.19380 0.16975
himsn_kiotaDisc.png	1.0 1.0	0.18066 0.29396	0.18221 0.31111	0.21226 0.31025
himsn_kiotaDisc.png	1.0 1.0	0.18066 0.29396	0.21226 0.31025	0.21293 0.29314
himsn_kiotaDisc.png	1.0 1.0	0.53694 0.30262	0.55095 0.29888	0.54286 0.28833
himsn_kiotaDisc.png	1.0 1.0	0.53694 0.30262	0.54286 0.28833	0.54144 0.28815
himsn_kiotaDisc.png	1.0 1.0	0.54286 0.28833	0.55095 0.29888	0.58321 0.29805
himsn_kiotaDisc.png	1.0 1.0	0.54286 0.28833	0.58321 0.29805	0.59077 0.28715
himsn_kiotaDisc.png	1.0 1.0	0.54286 0.28833	0.59077 0.28715	0.56409 0.17467
himsn_kiotaDisc.png	1.0 1.0	0.55095 0.29888	0.55249 0.31602	0.58254 0.31516
himsn_kiotaDisc.png	1.0 1.0	0.55095 0.29888	0.58254 0.31516	0.58321 0.29805
himsn_kiotaDisc.png	1.0 1.0	0.59077 0.28715	0.58321 0.29805	0.59732 0.30109
himsn_kiotaDisc.png	1.0 1.0	0.59077 0.28715	0.59732 0.30109	0.59217 0.28690
himsn_kiotaDisc.png	1.0 1.0	0.18221 0.31111	0.18066 0.29396	0.16666 0.29771
himsn_kiotaDisc.png	1.0 1.0	0.18221 0.31111	0.16666 0.29771	0.16909 0.31317
himsn_kiotaDisc.png	1.0 1.0	0.58254 0.31516	0.59567 0.31656	0.59732 0.30109
himsn_kiotaDisc.png	1.0 1.0	0.58254 0.31516	0.59732 0.30109	0.58321 0.29805
himsn_kiotaDisc.png	1.0 1.0	0.53937 0.31809	0.55249 0.31602	0.55095 0.29888
himsn_kiotaDisc.png	1.0 1.0	0.53937 0.31809	0.55095 0.29888	0.53694 0.30262

END
